ndata 3136
1	1		1	0.000000	0.5
1	9		1	3.830461	0.5
1	16		1	6.521124	0.5
1	28		1	10.147038	0.5
1	37		1	13.430344	0.5
1	45		1	16.790965	0.5
1	53		1	19.672253	0.5
1	61		1	23.017994	0.5
1	69		1	25.181088	0.5
1	73		1	28.918724	0.5
1	82		1	28.452858	0.5
1	89		1	24.833041	0.5
1	97		1	23.251680	0.5
1	106		1	20.262331	0.5
1	110		1	16.404086	0.5
1	119		1	13.857486	0.5
1	126		1	10.173918	0.5
1	133		1	8.235556	0.5
1	140		1	5.383260	0.5
1	149		1	5.591596	0.5
1	154		1	6.043722	0.5
1	161		1	7.111917	0.5
1	169		1	8.932687	0.5
1	174		1	12.000277	0.5
1	179		1	10.746069	0.5
1	186		1	9.373883	0.5
1	191		1	12.778463	0.5
1	200		1	14.550105	0.5
1	209		1	13.798373	0.5
1	216		1	14.344399	0.5
1	227		1	17.565333	0.5
1	236		1	18.836281	0.5
1	245		1	18.248599	0.5
1	257		1	20.079568	0.5
1	262		1	22.718230	0.5
1	270		1	23.301977	0.5
1	278		1	23.975782	0.5
1	286		1	26.268252	0.5
1	290		1	24.441161	0.5
1	297		1	25.366138	0.5
1	305		1	24.758803	0.5
1	309		1	23.629797	0.5
1	318		1	19.975449	0.5
1	332		1	18.277445	0.5
1	339		1	14.882506	0.5
1	351		1	14.202652	0.5
1	359		1	11.745402	0.5
1	367		1	12.774406	0.5
1	372		1	11.355237	0.5
1	379		1	8.877108	0.5
1	388		1	11.531451	0.5
1	395		1	13.671530	0.5
1	406		1	17.162229	0.5
1	413		1	19.958256	0.5
1	420		1	23.526106	0.5
1	427		1	26.674834	0.5
9	1		1	3.830461	0.5
9	9		1	0.000000	0.5
9	16		1	3.764528	0.5
9	28		1	6.763365	0.5
9	37		1	10.253863	0.5
9	45		1	13.443521	0.5
9	53		1	16.366413	0.5
9	61		1	19.740291	0.5
9	69		1	22.009736	0.5
9	73		1	25.676378	0.5
9	82		1	25.091240	0.5
9	89		1	21.414175	0.5
9	97		1	19.663106	0.5
9	106		1	16.542576	0.5
9	110		1	12.669855	0.5
9	119		1	10.218084	0.5
9	126		1	6.602326	0.5
9	133		1	5.654898	0.5
9	140		1	4.568698	0.5
9	149		1	6.540264	0.5
9	154		1	8.712257	0.5
9	161		1	9.146556	0.5
9	169		1	9.610546	0.5
9	174		1	12.660095	0.5
9	179		1	11.355109	0.5
9	186		1	8.769112	0.5
9	191		1	11.883410	0.5
9	200		1	13.967429	0.5
9	209		1	12.602534	0.5
9	216		1	12.345380	0.5
9	227		1	15.880466	0.5
9	236		1	17.225301	0.5
9	245		1	15.994229	0.5
9	257		1	17.594066	0.5
9	262		1	20.588797	0.5
9	270		1	21.065933	0.5
9	278		1	21.256904	0.5
9	286		1	23.667010	0.5
9	290		1	21.744589	0.5
9	297		1	22.997934	0.5
9	305		1	22.393608	0.5
9	309		1	21.552025	0.5
9	318		1	18.058989	0.5
9	332		1	16.562864	0.5
9	339		1	13.557828	0.5
9	351		1	13.050651	0.5
9	359		1	11.516209	0.5
9	367		1	12.327314	0.5
9	372		1	9.883586	0.5
9	379		1	7.496081	0.5
9	388		1	9.161039	0.5
9	395		1	11.385331	0.5
9	406		1	14.522925	0.5
9	413		1	17.325061	0.5
9	420		1	20.747624	0.5
9	427		1	23.881983	0.5
16	1		1	6.521124	0.5
16	9		1	3.764528	0.5
16	16		1	0.000000	0.5
16	28		1	3.816636	0.5
16	37		1	6.964600	0.5
16	45		1	10.311470	0.5
16	53		1	13.234376	0.5
16	61		1	16.510711	0.5
16	69		1	18.783380	0.5
16	73		1	22.533100	0.5
16	82		1	22.293868	0.5
16	89		1	18.774482	0.5
16	97		1	17.040714	0.5
16	106		1	14.269841	0.5
16	110		1	10.522095	0.5
16	119		1	8.553032	0.5
16	126		1	5.528274	0.5
16	133		1	5.542936	0.5
16	140		1	6.321618	0.5
16	149		1	7.272327	0.5
16	154		1	9.769093	0.5
16	161		1	8.865813	0.5
16	169		1	7.807259	0.5
16	174		1	10.733622	0.5
16	179		1	10.082434	0.5
16	186		1	6.807549	0.5
16	191		1	9.038903	0.5
16	200		1	11.742082	0.5
16	209		1	10.729700	0.5
16	216		1	9.603356	0.5
16	227		1	12.959803	0.5
16	236		1	14.894770	0.5
16	245		1	13.742517	0.5
16	257		1	14.736497	0.5
16	262		1	17.832046	0.5
16	270		1	18.804473	0.5
16	278		1	18.824670	0.5
16	286		1	20.850951	0.5
16	290		1	18.603715	0.5
16	297		1	19.596284	0.5
16	305		1	18.764799	0.5
16	309		1	17.803833	0.5
16	318		1	14.309579	0.5
16	332		1	12.881840	0.5
16	339		1	10.089619	0.5
16	351		1	10.104351	0.5
16	359		1	9.368873	0.5
16	367		1	10.780356	0.5
16	372		1	8.195814	0.5
16	379		1	5.141603	0.5
16	388		1	5.830168	0.5
16	395		1	7.636676	0.5
16	406		1	10.843187	0.5
16	413		1	13.675519	0.5
16	420		1	17.138231	0.5
16	427		1	20.333382	0.5
28	1		1	10.147038	0.5
28	9		1	6.763365	0.5
28	16		1	3.816636	0.5
28	28		1	0.000000	0.5
28	37		1	3.782882	0.5
28	45		1	6.688669	0.5
28	53		1	9.789531	0.5
28	61		1	13.021449	0.5
28	69		1	15.512823	0.5
28	73		1	19.183419	0.5
28	82		1	18.945387	0.5
28	89		1	15.430978	0.5
28	97		1	13.389125	0.5
28	106		1	10.555885	0.5
28	110		1	6.872942	0.5
28	119		1	5.745866	0.5
28	126		1	4.272607	0.5
28	133		1	6.585643	0.5
28	140		1	8.992932	0.5
28	149		1	10.510464	0.5
28	154		1	13.392414	0.5
28	161		1	12.321208	0.5
28	169		1	10.526259	0.5
28	174		1	12.958731	0.5
28	179		1	12.492598	0.5
28	186		1	8.779282	0.5
28	191		1	9.884247	0.5
28	200		1	12.703109	0.5
28	209		1	11.299438	0.5
28	216		1	8.995078	0.5
28	227		1	12.286085	0.5
28	236		1	14.381215	0.5
28	245		1	12.531567	0.5
28	257		1	12.858418	0.5
28	262		1	16.340991	0.5
28	270		1	17.326260	0.5
28	278		1	16.642125	0.5
28	286		1	18.616173	0.5
28	290		1	16.136675	0.5
28	297		1	17.436543	0.5
28	305		1	16.493780	0.5
28	309		1	15.859825	0.5
28	318		1	12.732578	0.5
28	332		1	11.640431	0.5
28	339		1	9.760177	0.5
28	351		1	10.078724	0.5
28	359		1	10.708491	0.5
28	367		1	11.719872	0.5
28	372		1	8.481142	0.5
28	379		1	6.421744	0.5
28	388		1	4.696483	0.5
28	395		1	6.074448	0.5
28	406		1	8.288408	0.5
28	413		1	11.102493	0.5
28	420		1	14.250356	0.5
28	427		1	17.447601	0.5
37	1		1	13.430344	0.5
37	9		1	10.253863	0.5
37	16		1	6.964600	0.5
37	28		1	3.782882	0.5
37	37		1	0.000000	0.5
37	45		1	3.849380	0.5
37	53		1	6.280198	0.5
37	61		1	9.621523	0.5
37	69		1	11.852279	0.5
37	73		1	15.586109	0.5
37	82		1	15.533116	0.5
37	89		1	12.194973	0.5
37	97		1	10.445549	0.5
37	106		1	8.383042	0.5
37	110		1	5.509514	0.5
37	119		1	5.397258	0.5
37	126		1	6.074938	0.5
37	133		1	8.437024	0.5
37	140		1	11.514959	0.5
37	149		1	12.593779	0.5
37	154		1	15.631946	0.5
37	161		1	14.189266	0.5
37	169		1	11.709279	0.5
37	174		1	13.260041	0.5
37	179		1	13.041238	0.5
37	186		1	9.340985	0.5
37	191		1	9.080965	0.5
37	200		1	11.757956	0.5
37	209		1	10.437641	0.5
37	216		1	7.148501	0.5
37	227		1	9.851697	0.5
37	236		1	12.221256	0.5
37	245		1	10.222688	0.5
37	257		1	9.687124	0.5
37	262		1	13.280258	0.5
37	270		1	14.598987	0.5
37	278		1	13.580958	0.5
37	286		1	15.189209	0.5
37	290		1	12.480676	0.5
37	297		1	13.785005	0.5
37	305		1	12.886495	0.5
37	309		1	12.652167	0.5
37	318		1	9.937402	0.5
37	332		1	9.742326	0.5
37	339		1	9.095973	0.5
37	351		1	10.539363	0.5
37	359		1	12.209845	0.5
37	367		1	13.671341	0.5
37	372		1	10.749255	0.5
37	379		1	8.779115	0.5
37	388		1	5.728931	0.5
37	395		1	4.649290	0.5
37	406		1	5.433039	0.5
37	413		1	7.564748	0.5
37	420		1	10.727145	0.5
37	427		1	13.750918	0.5
45	1		1	16.790965	0.5
45	9		1	13.443521	0.5
45	16		1	10.311470	0.5
45	28		1	6.688669	0.5
45	37		1	3.849380	0.5
45	45		1	0.000000	0.5
45	53		1	3.831230	0.5
45	61		1	6.440989	0.5
45	69		1	9.422885	0.5
45	73		1	12.960306	0.5
45	82		1	13.271514	0.5
45	89		1	10.233955	0.5
45	97		1	7.695068	0.5
45	106		1	5.954779	0.5
45	110		1	4.566775	0.5
45	119		1	6.911837	0.5
45	126		1	8.938543	0.5
45	133		1	11.927024	0.5
45	140		1	15.129277	0.5
45	149		1	16.410453	0.5
45	154		1	19.391348	0.5
45	161		1	17.780384	0.5
45	169		1	15.059453	0.5
45	174		1	16.564946	0.5
45	179		1	16.695708	0.5
45	186		1	13.078925	0.5
45	191		1	12.265956	0.5
45	200		1	14.937314	0.5
45	209		1	13.726988	0.5
45	216		1	10.087882	0.5
45	227		1	12.013775	0.5
45	236		1	14.461523	0.5
45	245		1	12.155381	0.5
45	257		1	10.609272	0.5
45	262		1	14.232632	0.5
45	270		1	15.671294	0.5
45	278		1	13.784059	0.5
45	286		1	14.957799	0.5
45	290		1	11.854827	0.5
45	297		1	13.242213	0.5
45	305		1	11.864739	0.5
45	309		1	11.801419	0.5
45	318		1	9.899590	0.5
45	332		1	9.862602	0.5
45	339		1	10.322105	0.5
45	351		1	11.514011	0.5
45	359		1	14.011540	0.5
45	367		1	14.882974	0.5
45	372		1	11.899501	0.5
45	379		1	11.022869	0.5
45	388		1	7.405013	0.5
45	395		1	6.317529	0.5
45	406		1	4.706436	0.5
45	413		1	6.496757	0.5
45	420		1	8.490402	0.5
45	427		1	11.609561	0.5
53	1		1	19.672253	0.5
53	9		1	16.366413	0.5
53	16		1	13.234376	0.5
53	28		1	9.789531	0.5
53	37		1	6.280198	0.5
53	45		1	3.831230	0.5
53	53		1	0.000000	0.5
53	61		1	3.725195	0.5
53	69		1	5.808269	0.5
53	73		1	9.401272	0.5
53	82		1	9.600135	0.5
53	89		1	6.739792	0.5
53	97		1	4.997232	0.5
53	106		1	5.264539	0.5
53	110		1	6.014147	0.5
53	119		1	8.237748	0.5
53	126		1	11.038004	0.5
53	133		1	13.722361	0.5
53	140		1	17.241493	0.5
53	149		1	18.402912	0.5
53	154		1	21.571991	0.5
53	161		1	20.028999	0.5
53	169		1	17.204733	0.5
53	174		1	17.978770	0.5
53	179		1	17.943061	0.5
53	186		1	14.551325	0.5
53	191		1	13.166526	0.5
53	200		1	15.146579	0.5
53	209		1	13.807753	0.5
53	216		1	10.037921	0.5
53	227		1	11.085578	0.5
53	236		1	13.135840	0.5
53	245		1	10.656711	0.5
53	257		1	8.314171	0.5
53	262		1	11.721561	0.5
53	270		1	13.130164	0.5
53	278		1	10.731375	0.5
53	286		1	11.559316	0.5
53	290		1	8.460366	0.5
53	297		1	10.302108	0.5
53	305		1	9.486992	0.5
53	309		1	10.579741	0.5
53	318		1	9.766038	0.5
53	332		1	11.074282	0.5
53	339		1	12.502634	0.5
53	351		1	14.441822	0.5
53	359		1	17.136942	0.5
53	367		1	18.378726	0.5
53	372		1	15.599233	0.5
53	379		1	14.425793	0.5
53	388		1	10.807428	0.5
53	395		1	8.698699	0.5
53	406		1	6.092795	0.5
53	413		1	5.324831	0.5
53	420		1	6.505913	0.5
53	427		1	8.711002	0.5
61	1		1	23.017994	0.5
61	9		1	19.740291	0.5
61	16		1	16.510711	0.5
61	28		1	13.021449	0.5
61	37		1	9.621523	0.5
61	45		1	6.440989	0.5
61	53		1	3.725195	0.5
61	61		1	0.000000	0.5
61	69		1	3.786281	0.5
61	73		1	6.839624	0.5
61	82		1	8.213416	0.5
61	89		1	6.733647	0.5
61	97		1	4.919476	0.5
61	106		1	6.902757	0.5
61	110		1	8.935056	0.5
61	119		1	11.746399	0.5
61	126		1	14.633253	0.5
61	133		1	17.414928	0.5
61	140		1	20.882474	0.5
61	149		1	21.927244	0.5
61	154		1	24.958755	0.5
61	161		1	23.140902	0.5
61	169		1	20.062188	0.5
61	174		1	20.724602	0.5
61	179		1	21.089396	0.5
61	186		1	17.842514	0.5
61	191		1	16.010998	0.5
61	200		1	18.040139	0.5
61	209		1	17.074449	0.5
61	216		1	13.258355	0.5
61	227		1	13.588598	0.5
61	236		1	15.766250	0.5
61	245		1	13.565957	0.5
61	257		1	10.578148	0.5
61	262		1	13.392018	0.5
61	270		1	15.091163	0.5
61	278		1	12.277846	0.5
61	286		1	12.159219	0.5
61	290		1	8.825122	0.5
61	297		1	10.129518	0.5
61	305		1	8.701436	0.5
61	309		1	9.938219	0.5
61	318		1	10.295461	0.5
61	332		1	11.803595	0.5
61	339		1	14.062926	0.5
61	351		1	15.922937	0.5
61	359		1	19.094273	0.5
61	367		1	20.107219	0.5
61	372		1	17.588264	0.5
61	379		1	16.941136	0.5
61	388		1	13.185825	0.5
61	395		1	11.018369	0.5
61	406		1	7.593212	0.5
61	413		1	6.034492	0.5
61	420		1	4.734590	0.5
61	427		1	6.416332	0.5
69	1		1	25.181088	0.5
69	9		1	22.009736	0.5
69	16		1	18.783380	0.5
69	28		1	15.512823	0.5
69	37		1	11.852279	0.5
69	45		1	9.422885	0.5
69	53		1	5.808269	0.5
69	61		1	3.786281	0.5
69	69		1	0.000000	0.5
69	73		1	3.830538	0.5
69	82		1	5.411147	0.5
69	89		1	5.152922	0.5
69	97		1	5.802987	0.5
69	106		1	8.978508	0.5
69	110		1	11.329748	0.5
69	119		1	13.512772	0.5
69	126		1	16.530716	0.5
69	133		1	18.898365	0.5
69	140		1	22.468266	0.5
69	149		1	23.327014	0.5
69	154		1	26.443573	0.5
69	161		1	24.724483	0.5
69	169		1	21.661978	0.5
69	174		1	21.705848	0.5
69	179		1	21.882532	0.5
69	186		1	18.946466	0.5
69	191		1	16.797439	0.5
69	200		1	18.126140	0.5
69	209		1	17.147907	0.5
69	216		1	13.572851	0.5
69	227		1	13.094073	0.5
69	236		1	14.715624	0.5
69	245		1	12.707353	0.5
69	257		1	9.311461	0.5
69	262		1	11.323422	0.5
69	270		1	12.958663	0.5
69	278		1	9.933350	0.5
69	286		1	9.073470	0.5
69	290		1	6.035883	0.5
69	297		1	7.665706	0.5
69	305		1	7.335373	0.5
69	309		1	9.935615	0.5
69	318		1	11.214913	0.5
69	332		1	13.682458	0.5
69	339		1	16.268431	0.5
69	351		1	18.679168	0.5
69	359		1	21.771536	0.5
69	367		1	23.201550	0.5
69	372		1	20.800162	0.5
69	379		1	19.706553	0.5
69	388		1	16.030863	0.5
69	395		1	13.324527	0.5
69	406		1	10.021920	0.5
69	413		1	7.159405	0.5
69	420		1	5.428600	0.5
69	427		1	4.617068	0.5
73	1		1	28.918724	0.5
73	9		1	25.676378	0.5
73	16		1	22.533100	0.5
73	28		1	19.183419	0.5
73	37		1	15.586109	0.5
73	45		1	12.960306	0.5
73	53		1	9.401272	0.5
73	61		1	6.839624	0.5
73	69		1	3.830538	0.5
73	73		1	0.000000	0.5
73	82		1	3.821176	0.5
73	89		1	6.234719	0.5
73	97		1	7.658085	0.5
73	106		1	11.403528	0.5
73	110		1	14.399282	0.5
73	119		1	16.733825	0.5
73	126		1	19.976962	0.5
73	133		1	22.405743	0.5
73	140		1	26.050636	0.5
73	149		1	27.007759	0.5
73	154		1	30.180186	0.5
73	161		1	28.513469	0.5
73	169		1	25.451591	0.5
73	174		1	25.356745	0.5
73	179		1	25.497961	0.5
73	186		1	22.649727	0.5
73	191		1	20.445321	0.5
73	200		1	21.515154	0.5
73	209		1	20.487898	0.5
73	216		1	17.082426	0.5
73	227		1	16.312922	0.5
73	236		1	17.514563	0.5
73	245		1	15.539819	0.5
73	257		1	12.185919	0.5
73	262		1	13.467912	0.5
73	270		1	14.721318	0.5
73	278		1	11.410473	0.5
73	286		1	9.970069	0.5
73	290		1	7.980711	0.5
73	297		1	9.444867	0.5
73	305		1	9.564443	0.5
73	309		1	12.484539	0.5
73	318		1	14.467217	0.5
73	332		1	17.052143	0.5
73	339		1	19.880657	0.5
73	351		1	22.240315	0.5
73	359		1	25.451845	0.5
73	367		1	26.760478	0.5
73	372		1	24.364149	0.5
73	379		1	23.453744	0.5
73	388		1	19.745626	0.5
73	395		1	17.108270	0.5
73	406		1	13.702509	0.5
73	413		1	10.777322	0.5
73	420		1	8.296543	0.5
73	427		1	5.977265	0.5
82	1		1	28.452858	0.5
82	9		1	25.091240	0.5
82	16		1	22.293868	0.5
82	28		1	18.945387	0.5
82	37		1	15.533116	0.5
82	45		1	13.271514	0.5
82	53		1	9.600135	0.5
82	61		1	8.213416	0.5
82	69		1	5.411147	0.5
82	73		1	3.821176	0.5
82	82		1	0.000000	0.5
82	89		1	3.838670	0.5
82	97		1	6.609376	0.5
82	106		1	10.319492	0.5
82	110		1	13.503729	0.5
82	119		1	15.453647	0.5
82	126		1	18.918236	0.5
82	133		1	21.296972	0.5
82	140		1	25.056642	0.5
82	149		1	26.363863	0.5
82	154		1	29.773876	0.5
82	161		1	28.566307	0.5
82	169		1	25.845074	0.5
82	174		1	25.777745	0.5
82	179		1	25.357765	0.5
82	186		1	22.433834	0.5
82	191		1	20.712779	0.5
82	200		1	21.397595	0.5
82	209		1	19.763960	0.5
82	216		1	16.652905	0.5
82	227		1	16.286282	0.5
82	236		1	16.745120	0.5
82	245		1	14.250704	0.5
82	257		1	11.506864	0.5
82	262		1	12.840122	0.5
82	270		1	13.091029	0.5
82	278		1	9.404139	0.5
82	286		1	8.938654	0.5
82	290		1	8.060824	0.5
82	297		1	10.772157	0.5
82	305		1	11.849823	0.5
82	309		1	15.023371	0.5
82	318		1	16.428403	0.5
82	332		1	18.991148	0.5
82	339		1	21.343229	0.5
82	351		1	23.670835	0.5
82	359		1	26.570785	0.5
82	367		1	27.880259	0.5
82	372		1	25.133603	0.5
82	379		1	24.000054	0.5
82	388		1	20.401853	0.5
82	395		1	17.978608	0.5
82	406		1	14.981209	0.5
82	413		1	12.308731	0.5
82	420		1	10.808516	0.5
82	427		1	9.049523	0.5
89	1		1	24.833041	0.5
89	9		1	21.414175	0.5
89	16		1	18.774482	0.5
89	28		1	15.430978	0.5
89	37		1	12.194973	0.5
89	45		1	10.233955	0.5
89	53		1	6.739792	0.5
89	61		1	6.733647	0.5
89	69		1	5.152922	0.5
89	73		1	6.234719	0.5
89	82		1	3.838670	0.5
89	89		1	0.000000	0.5
89	97		1	3.829352	0.5
89	106		1	7.000587	0.5
89	110		1	9.890513	0.5
89	119		1	11.642494	0.5
89	126		1	15.143652	0.5
89	133		1	17.598181	0.5
89	140		1	21.382868	0.5
89	149		1	22.891614	0.5
89	154		1	26.382493	0.5
89	161		1	25.370796	0.5
89	169		1	22.849852	0.5
89	174		1	23.058555	0.5
89	179		1	22.399191	0.5
89	186		1	19.280211	0.5
89	191		1	17.983960	0.5
89	200		1	18.814124	0.5
89	209		1	16.849263	0.5
89	216		1	13.706867	0.5
89	227		1	14.041642	0.5
89	236		1	14.538116	0.5
89	245		1	11.576557	0.5
89	257		1	9.287531	0.5
89	262		1	11.521255	0.5
89	270		1	11.570143	0.5
89	278		1	7.919497	0.5
89	286		1	8.806881	0.5
89	290		1	7.480727	0.5
89	297		1	10.740008	0.5
89	305		1	11.678444	0.5
89	309		1	14.451707	0.5
89	318		1	14.966917	0.5
89	332		1	17.179719	0.5
89	339		1	18.990048	0.5
89	351		1	21.159798	0.5
89	359		1	23.782137	0.5
89	367		1	25.053294	0.5
89	372		1	22.106910	0.5
89	379		1	20.840924	0.5
89	388		1	17.363662	0.5
89	395		1	15.210338	0.5
89	406		1	12.629427	0.5
89	413		1	10.536674	0.5
89	420		1	10.121111	0.5
89	427		1	9.659858	0.5
97	1		1	23.251680	0.5
97	9		1	19.663106	0.5
97	16		1	17.040714	0.5
97	28		1	13.389125	0.5
97	37		1	10.445549	0.5
97	45		1	7.695068	0.5
97	53		1	4.997232	0.5
97	61		1	4.919476	0.5
97	69		1	5.802987	0.5
97	73		1	7.658085	0.5
97	82		1	6.609376	0.5
97	89		1	3.829352	0.5
97	97		1	0.000000	0.5
97	106		1	3.839828	0.5
97	110		1	7.318042	0.5
97	119		1	10.078260	0.5
97	126		1	13.642500	0.5
97	133		1	16.665059	0.5
97	140		1	20.394675	0.5
97	149		1	22.143400	0.5
97	154		1	25.563812	0.5
97	161		1	24.435109	0.5
97	169		1	21.875105	0.5
97	174		1	22.683080	0.5
97	179		1	22.253377	0.5
97	186		1	18.809487	0.5
97	191		1	17.774282	0.5
97	200		1	19.309925	0.5
97	209		1	17.414454	0.5
97	216		1	13.960660	0.5
97	227		1	14.972125	0.5
97	236		1	16.138417	0.5
97	245		1	13.073299	0.5
97	257		1	10.944295	0.5
97	262		1	13.901988	0.5
97	270		1	14.331431	0.5
97	278		1	10.998226	0.5
97	286		1	12.062640	0.5
97	290		1	9.886290	0.5
97	297		1	12.591374	0.5
97	305		1	12.448412	0.5
97	309		1	14.354365	0.5
97	318		1	14.361382	0.5
97	332		1	15.813261	0.5
97	339		1	17.369170	0.5
97	351		1	18.977933	0.5
97	359		1	21.675861	0.5
97	367		1	22.473371	0.5
97	372		1	19.385573	0.5
97	379		1	18.634718	0.5
97	388		1	15.088399	0.5
97	395		1	13.530025	0.5
97	406		1	10.898889	0.5
97	413		1	9.808372	0.5
97	420		1	9.433524	0.5
97	427		1	10.198852	0.5
106	1		1	20.262331	0.5
106	9		1	16.542576	0.5
106	16		1	14.269841	0.5
106	28		1	10.555885	0.5
106	37		1	8.383042	0.5
106	45		1	5.954779	0.5
106	53		1	5.264539	0.5
106	61		1	6.902757	0.5
106	69		1	8.978508	0.5
106	73		1	11.403528	0.5
106	82		1	10.319492	0.5
106	89		1	7.000587	0.5
106	97		1	3.839828	0.5
106	106		1	0.000000	0.5
106	110		1	3.877728	0.5
106	119		1	7.090265	0.5
106	126		1	10.623202	0.5
106	133		1	14.001838	0.5
106	140		1	17.630049	0.5
106	149		1	19.758470	0.5
106	154		1	23.189575	0.5
106	161		1	22.310258	0.5
106	169		1	20.066580	0.5
106	174		1	21.402662	0.5
106	179		1	20.774339	0.5
106	186		1	17.110163	0.5
106	191		1	16.770271	0.5
106	200		1	18.609726	0.5
106	209		1	16.454845	0.5
106	216		1	13.156689	0.5
106	227		1	15.086592	0.5
106	236		1	16.337400	0.5
106	245		1	13.073738	0.5
106	257		1	11.797131	0.5
106	262		1	15.254155	0.5
106	270		1	15.492291	0.5
106	278		1	12.651088	0.5
106	286		1	14.458510	0.5
106	290		1	12.262483	0.5
106	297		1	14.902714	0.5
106	305		1	14.520263	0.5
106	309		1	15.755746	0.5
106	318		1	14.836048	0.5
106	332		1	15.528169	0.5
106	339		1	16.263311	0.5
106	351		1	17.334893	0.5
106	359		1	19.633448	0.5
106	367		1	20.116149	0.5
106	372		1	16.731842	0.5
106	379		1	16.115114	0.5
106	388		1	12.837089	0.5
106	395		1	12.123326	0.5
106	406		1	10.310366	0.5
106	413		1	10.529889	0.5
106	420		1	11.202173	0.5
106	427		1	12.959566	0.5
110	1		1	16.404086	0.5
110	9		1	12.669855	0.5
110	16		1	10.522095	0.5
110	28		1	6.872942	0.5
110	37		1	5.509514	0.5
110	45		1	4.566775	0.5
110	53		1	6.014147	0.5
110	61		1	8.935056	0.5
110	69		1	11.329748	0.5
110	73		1	14.399282	0.5
110	82		1	13.503729	0.5
110	89		1	9.890513	0.5
110	97		1	7.318042	0.5
110	106		1	3.877728	0.5
110	110		1	0.000000	0.5
110	119		1	3.798008	0.5
110	126		1	6.934993	0.5
110	133		1	10.482368	0.5
110	140		1	13.968640	0.5
110	149		1	16.188164	0.5
110	154		1	19.565351	0.5
110	161		1	18.816275	0.5
110	169		1	16.832465	0.5
110	174		1	18.519467	0.5
110	179		1	17.760001	0.5
110	186		1	13.999664	0.5
110	191		1	14.241590	0.5
110	200		1	16.321162	0.5
110	209		1	14.124641	0.5
110	216		1	11.067956	0.5
110	227		1	13.735760	0.5
110	236		1	15.161411	0.5
110	245		1	12.073538	0.5
110	257		1	11.572637	0.5
110	262		1	15.283781	0.5
110	270		1	15.616877	0.5
110	278		1	13.550473	0.5
110	286		1	15.720444	0.5
110	290		1	13.449274	0.5
110	297		1	15.795279	0.5
110	305		1	15.285172	0.5
110	309		1	15.911108	0.5
110	318		1	14.096576	0.5
110	332		1	14.202960	0.5
110	339		1	14.070791	0.5
110	351		1	14.873799	0.5
110	359		1	16.655039	0.5
110	367		1	17.184664	0.5
110	372		1	13.672977	0.5
110	379		1	12.762957	0.5
110	388		1	9.845421	0.5
110	395		1	9.752490	0.5
110	406		1	9.112503	0.5
110	413		1	10.412019	0.5
110	420		1	12.246204	0.5
110	427		1	14.699432	0.5
119	1		1	13.857486	0.5
119	9		1	10.218084	0.5
119	16		1	8.553032	0.5
119	28		1	5.745866	0.5
119	37		1	5.397258	0.5
119	45		1	6.911837	0.5
119	53		1	8.237748	0.5
119	61		1	11.746399	0.5
119	69		1	13.512772	0.5
119	73		1	16.733825	0.5
119	82		1	15.453647	0.5
119	89		1	11.642494	0.5
119	97		1	10.078260	0.5
119	106		1	7.090265	0.5
119	110		1	3.798008	0.5
119	119		1	0.000000	0.5
119	126		1	3.734563	0.5
119	133		1	6.996559	0.5
119	140		1	10.638196	0.5
119	149		1	13.074667	0.5
119	154		1	16.648245	0.5
119	161		1	16.421088	0.5
119	169		1	14.967912	0.5
119	174		1	16.542297	0.5
119	179		1	15.152604	0.5
119	186		1	11.485170	0.5
119	191		1	12.489638	0.5
119	200		1	14.092893	0.5
119	209		1	11.426707	0.5
119	216		1	9.101483	0.5
119	227		1	12.369416	0.5
119	236		1	13.236672	0.5
119	245		1	10.178587	0.5
119	257		1	10.874379	0.5
119	262		1	14.443082	0.5
119	270		1	14.338719	0.5
119	278		1	13.055618	0.5
119	286		1	15.775369	0.5
119	290		1	14.046677	0.5
119	297		1	16.472165	0.5
119	305		1	16.502527	0.5
119	309		1	17.182690	0.5
119	318		1	14.937755	0.5
119	332		1	15.119103	0.5
119	339		1	14.345890	0.5
119	351		1	15.339894	0.5
119	359		1	16.391364	0.5
119	367		1	17.346221	0.5
119	372		1	13.903563	0.5
119	379		1	12.166457	0.5
119	388		1	9.991139	0.5
119	395		1	9.972836	0.5
119	406		1	10.481235	0.5
119	413		1	11.776507	0.5
119	420		1	14.382918	0.5
119	427		1	16.721751	0.5
126	1		1	10.173918	0.5
126	9		1	6.602326	0.5
126	16		1	5.528274	0.5
126	28		1	4.272607	0.5
126	37		1	6.074938	0.5
126	45		1	8.938543	0.5
126	53		1	11.038004	0.5
126	61		1	14.633253	0.5
126	69		1	16.530716	0.5
126	73		1	19.976962	0.5
126	82		1	18.918236	0.5
126	89		1	15.143652	0.5
126	97		1	13.642500	0.5
126	106		1	10.623202	0.5
126	110		1	6.934993	0.5
126	119		1	3.734563	0.5
126	126		1	0.000000	0.5
126	133		1	3.757013	0.5
126	140		1	7.070275	0.5
126	149		1	9.702251	0.5
126	154		1	13.193942	0.5
126	161		1	13.268444	0.5
126	169		1	12.372292	0.5
126	174		1	14.344014	0.5
126	179		1	12.728747	0.5
126	186		1	9.156858	0.5
126	191		1	11.144536	0.5
126	200		1	12.857857	0.5
126	209		1	10.354407	0.5
126	216		1	8.900901	0.5
126	227		1	12.617928	0.5
126	236		1	13.564399	0.5
126	245		1	11.188636	0.5
126	257		1	12.571594	0.5
126	262		1	15.919265	0.5
126	270		1	15.958165	0.5
126	278		1	15.460278	0.5
126	286		1	18.163119	0.5
126	290		1	16.451889	0.5
126	297		1	18.440191	0.5
126	305		1	18.333614	0.5
126	309		1	18.468842	0.5
126	318		1	15.633564	0.5
126	332		1	15.255399	0.5
126	339		1	13.585587	0.5
126	351		1	14.225083	0.5
126	359		1	14.433812	0.5
126	367		1	15.496263	0.5
126	372		1	12.229276	0.5
126	379		1	10.016739	0.5
126	388		1	8.937868	0.5
126	395		1	9.692013	0.5
126	406		1	11.472096	0.5
126	413		1	13.411433	0.5
126	420		1	16.539343	0.5
126	427		1	19.198960	0.5
133	1		1	8.235556	0.5
133	9		1	5.654898	0.5
133	16		1	5.542936	0.5
133	28		1	6.585643	0.5
133	37		1	8.437024	0.5
133	45		1	11.927024	0.5
133	53		1	13.722361	0.5
133	61		1	17.414928	0.5
133	69		1	18.898365	0.5
133	73		1	22.405743	0.5
133	82		1	21.296972	0.5
133	89		1	17.598181	0.5
133	97		1	16.665059	0.5
133	106		1	14.001838	0.5
133	110		1	10.482368	0.5
133	119		1	6.996559	0.5
133	126		1	3.757013	0.5
133	133		1	0.000000	0.5
133	140		1	3.808973	0.5
133	149		1	6.390910	0.5
133	154		1	10.078463	0.5
133	161		1	10.796110	0.5
133	169		1	10.686887	0.5
133	174		1	12.328912	0.5
133	179		1	10.014361	0.5
133	186		1	6.983270	0.5
133	191		1	9.932258	0.5
133	200		1	10.946136	0.5
133	209		1	8.376636	0.5
133	216		1	8.385523	0.5
133	227		1	12.116869	0.5
133	236		1	12.576780	0.5
133	245		1	10.938723	0.5
133	257		1	13.166565	0.5
133	262		1	15.978006	0.5
133	270		1	15.879035	0.5
133	278		1	16.267483	0.5
133	286		1	19.023316	0.5
133	290		1	17.711391	0.5
133	297		1	19.455813	0.5
133	305		1	19.680830	0.5
133	309		1	19.751639	0.5
133	318		1	16.712537	0.5
133	332		1	16.426414	0.5
133	339		1	14.352812	0.5
133	351		1	15.231604	0.5
133	359		1	14.717098	0.5
133	367		1	16.319385	0.5
133	372		1	13.596426	0.5
133	379		1	10.669923	0.5
133	388		1	10.556443	0.5
133	395		1	11.061196	0.5
133	406		1	13.478322	0.5
133	413		1	15.205913	0.5
133	420		1	18.688658	0.5
133	427		1	21.203291	0.5
140	1		1	5.383260	0.5
140	9		1	4.568698	0.5
140	16		1	6.321618	0.5
140	28		1	8.992932	0.5
140	37		1	11.514959	0.5
140	45		1	15.129277	0.5
140	53		1	17.241493	0.5
140	61		1	20.882474	0.5
140	69		1	22.468266	0.5
140	73		1	26.050636	0.5
140	82		1	25.056642	0.5
140	89		1	21.382868	0.5
140	97		1	20.394675	0.5
140	106		1	17.630049	0.5
140	110		1	13.968640	0.5
140	119		1	10.638196	0.5
140	126		1	7.070275	0.5
140	133		1	3.808973	0.5
140	140		1	0.000000	0.5
140	149		1	3.783109	0.5
140	154		1	7.017385	0.5
140	161		1	8.724912	0.5
140	169		1	9.909670	0.5
140	174		1	11.830542	0.5
140	179		1	9.289084	0.5
140	186		1	7.338609	0.5
140	191		1	11.058470	0.5
140	200		1	11.885386	0.5
140	209		1	9.972435	0.5
140	216		1	10.974721	0.5
140	227		1	14.444189	0.5
140	236		1	14.863291	0.5
140	245		1	13.922900	0.5
140	257		1	16.364598	0.5
140	262		1	18.855662	0.5
140	270		1	18.824752	0.5
140	278		1	19.658075	0.5
140	286		1	22.327815	0.5
140	290		1	21.064879	0.5
140	297		1	22.499568	0.5
140	305		1	22.613508	0.5
140	309		1	22.301972	0.5
140	318		1	18.988116	0.5
140	332		1	18.272201	0.5
140	339		1	15.596100	0.5
140	351		1	16.034291	0.5
140	359		1	14.601836	0.5
140	367		1	16.187111	0.5
140	372		1	13.995597	0.5
140	379		1	10.979279	0.5
140	388		1	12.103410	0.5
140	395		1	13.153994	0.5
140	406		1	16.142300	0.5
140	413		1	18.174472	0.5
140	420		1	21.799330	0.5
140	427		1	24.464368	0.5
149	1		1	5.591596	0.5
149	9		1	6.540264	0.5
149	16		1	7.272327	0.5
149	28		1	10.510464	0.5
149	37		1	12.593779	0.5
149	45		1	16.410453	0.5
149	53		1	18.402912	0.5
149	61		1	21.927244	0.5
149	69		1	23.327014	0.5
149	73		1	27.007759	0.5
149	82		1	26.363863	0.5
149	89		1	22.891614	0.5
149	97		1	22.143400	0.5
149	106		1	19.758470	0.5
149	110		1	16.188164	0.5
149	119		1	13.074667	0.5
149	126		1	9.702251	0.5
149	133		1	6.390910	0.5
149	140		1	3.783109	0.5
149	149		1	0.000000	0.5
149	154		1	3.777427	0.5
149	161		1	5.419115	0.5
149	169		1	7.222881	0.5
149	174		1	8.696046	0.5
149	179		1	6.087821	0.5
149	186		1	5.423150	0.5
149	191		1	9.251898	0.5
149	200		1	9.835944	0.5
149	209		1	8.999349	0.5
149	216		1	10.673113	0.5
149	227		1	13.555371	0.5
149	236		1	14.207541	0.5
149	245		1	14.237675	0.5
149	257		1	16.576278	0.5
149	262		1	18.617409	0.5
149	270		1	19.061029	0.5
149	278		1	20.411418	0.5
149	286		1	22.649878	0.5
149	290		1	21.339910	0.5
149	297		1	22.207289	0.5
149	305		1	22.255606	0.5
149	309		1	21.618736	0.5
149	318		1	18.191043	0.5
149	332		1	17.449108	0.5
149	339		1	14.597616	0.5
149	351		1	15.336895	0.5
149	359		1	13.536705	0.5
149	367		1	15.786197	0.5
149	372		1	14.376697	0.5
149	379		1	10.912521	0.5
149	388		1	12.459423	0.5
149	395		1	13.044408	0.5
149	406		1	16.346548	0.5
149	413		1	18.251517	0.5
149	420		1	22.037339	0.5
149	427		1	24.675954	0.5
154	1		1	6.043722	0.5
154	9		1	8.712257	0.5
154	16		1	9.769093	0.5
154	28		1	13.392414	0.5
154	37		1	15.631946	0.5
154	45		1	19.391348	0.5
154	53		1	21.571991	0.5
154	61		1	24.958755	0.5
154	69		1	26.443573	0.5
154	73		1	30.180186	0.5
154	82		1	29.773876	0.5
154	89		1	26.382493	0.5
154	97		1	25.563812	0.5
154	106		1	23.189575	0.5
154	110		1	19.565351	0.5
154	119		1	16.648245	0.5
154	126		1	13.193942	0.5
154	133		1	10.078463	0.5
154	140		1	7.017385	0.5
154	149		1	3.777427	0.5
154	154		1	0.000000	0.5
154	161		1	3.806950	0.5
154	169		1	7.254174	0.5
154	174		1	8.671330	0.5
154	179		1	6.820869	0.5
154	186		1	7.780556	0.5
154	191		1	11.111779	0.5
154	200		1	11.657473	0.5
154	209		1	11.792120	0.5
154	216		1	13.689206	0.5
154	227		1	16.097348	0.5
154	236		1	16.931298	0.5
154	245		1	17.500943	0.5
154	257		1	19.702039	0.5
154	262		1	21.486095	0.5
154	270		1	22.184344	0.5
154	278		1	23.769218	0.5
154	286		1	25.765951	0.5
154	290		1	24.374482	0.5
154	297		1	24.846992	0.5
154	305		1	24.685859	0.5
154	309		1	23.633898	0.5
154	318		1	20.084059	0.5
154	332		1	18.974268	0.5
154	339		1	15.783394	0.5
154	351		1	16.165607	0.5
154	359		1	13.649446	0.5
154	367		1	15.942668	0.5
154	372		1	15.361138	0.5
154	379		1	12.075712	0.5
154	388		1	14.402083	0.5
154	395		1	15.219913	0.5
154	406		1	18.767461	0.5
154	413		1	20.842880	0.5
154	420		1	24.638163	0.5
154	427		1	27.383223	0.5
161	1		1	7.111917	0.5
161	9		1	9.146556	0.5
161	16		1	8.865813	0.5
161	28		1	12.321208	0.5
161	37		1	14.189266	0.5
161	45		1	17.780384	0.5
161	53		1	20.028999	0.5
161	61		1	23.140902	0.5
161	69		1	24.724483	0.5
161	73		1	28.513469	0.5
161	82		1	28.566307	0.5
161	89		1	25.370796	0.5
161	97		1	24.435109	0.5
161	106		1	22.310258	0.5
161	110		1	18.816275	0.5
161	119		1	16.421088	0.5
161	126		1	13.268444	0.5
161	133		1	10.796110	0.5
161	140		1	8.724912	0.5
161	149		1	5.419115	0.5
161	154		1	3.806950	0.5
161	161		1	0.000000	0.5
161	169		1	3.776402	0.5
161	174		1	5.744733	0.5
161	179		1	5.568447	0.5
161	186		1	6.473826	0.5
161	191		1	8.897592	0.5
161	200		1	10.289152	0.5
161	209		1	11.351073	0.5
161	216		1	12.552316	0.5
161	227		1	14.557866	0.5
161	236		1	16.177862	0.5
161	245		1	17.013503	0.5
161	257		1	18.556797	0.5
161	262		1	20.372462	0.5
161	270		1	21.704451	0.5
161	278		1	23.130143	0.5
161	286		1	24.658655	0.5
161	290		1	22.856360	0.5
161	297		1	22.861530	0.5
161	305		1	22.283673	0.5
161	309		1	20.803166	0.5
161	318		1	17.181466	0.5
161	332		1	15.814025	0.5
161	339		1	12.542854	0.5
161	351		1	13.032349	0.5
161	359		1	10.547236	0.5
161	367		1	13.340831	0.5
161	372		1	13.259958	0.5
161	379		1	9.851704	0.5
161	388		1	12.188146	0.5
161	395		1	12.752643	0.5
161	406		1	16.374310	0.5
161	413		1	18.542425	0.5
161	420		1	22.272731	0.5
161	427		1	25.140228	0.5
169	1		1	8.932687	0.5
169	9		1	9.610546	0.5
169	16		1	7.807259	0.5
169	28		1	10.526259	0.5
169	37		1	11.709279	0.5
169	45		1	15.059453	0.5
169	53		1	17.204733	0.5
169	61		1	20.062188	0.5
169	69		1	21.661978	0.5
169	73		1	25.451591	0.5
169	82		1	25.845074	0.5
169	89		1	22.849852	0.5
169	97		1	21.875105	0.5
169	106		1	20.066580	0.5
169	110		1	16.832465	0.5
169	119		1	14.967912	0.5
169	126		1	12.372292	0.5
169	133		1	10.686887	0.5
169	140		1	9.909670	0.5
169	149		1	7.222881	0.5
169	154		1	7.254174	0.5
169	161		1	3.776402	0.5
169	169		1	0.000000	0.5
169	174		1	3.802247	0.5
169	179		1	5.386449	0.5
169	186		1	5.130639	0.5
169	191		1	6.140865	0.5
169	200		1	8.615404	0.5
169	209		1	10.184708	0.5
169	216		1	10.408578	0.5
169	227		1	12.078987	0.5
169	236		1	14.425526	0.5
169	245		1	15.274533	0.5
169	257		1	16.136181	0.5
169	262		1	18.062392	0.5
169	270		1	19.894644	0.5
169	278		1	21.035455	0.5
169	286		1	22.177107	0.5
169	290		1	20.021296	0.5
169	297		1	19.733167	0.5
169	305		1	18.839221	0.5
169	309		1	17.138643	0.5
169	318		1	13.488703	0.5
169	332		1	12.082731	0.5
169	339		1	8.933952	0.5
169	351		1	9.978964	0.5
169	359		1	8.226137	0.5
169	367		1	11.575370	0.5
169	372		1	11.478268	0.5
169	379		1	7.901233	0.5
169	388		1	9.538270	0.5
169	395		1	9.488300	0.5
169	406		1	13.028207	0.5
169	413		1	15.155907	0.5
169	420		1	18.812971	0.5
169	427		1	21.730636	0.5
174	1		1	12.000277	0.5
174	9		1	12.660095	0.5
174	16		1	10.733622	0.5
174	28		1	12.958731	0.5
174	37		1	13.260041	0.5
174	45		1	16.564946	0.5
174	53		1	17.978770	0.5
174	61		1	20.724602	0.5
174	69		1	21.705848	0.5
174	73		1	25.356745	0.5
174	82		1	25.777745	0.5
174	89		1	23.058555	0.5
174	97		1	22.683080	0.5
174	106		1	21.402662	0.5
174	110		1	18.519467	0.5
174	119		1	16.542297	0.5
174	126		1	14.344014	0.5
174	133		1	12.328912	0.5
174	140		1	11.830542	0.5
174	149		1	8.696046	0.5
174	154		1	8.671330	0.5
174	161		1	5.744733	0.5
174	169		1	3.802247	0.5
174	174		1	0.000000	0.5
174	179		1	3.756994	0.5
174	186		1	5.480437	0.5
174	191		1	5.090569	0.5
174	200		1	6.261240	0.5
174	209		1	8.954784	0.5
174	216		1	9.885042	0.5
174	227		1	10.506310	0.5
174	236		1	12.603482	0.5
174	245		1	14.336103	0.5
174	257		1	15.238175	0.5
174	262		1	16.422844	0.5
174	270		1	18.425987	0.5
174	278		1	20.110789	0.5
174	286		1	20.916668	0.5
174	290		1	19.112957	0.5
174	297		1	18.468062	0.5
174	305		1	17.995353	0.5
174	309		1	16.537034	0.5
174	318		1	13.249655	0.5
174	332		1	12.717946	0.5
174	339		1	10.399591	0.5
174	351		1	12.427051	0.5
174	359		1	11.290998	0.5
174	367		1	14.906239	0.5
174	372		1	14.921672	0.5
174	379		1	11.339986	0.5
174	388		1	12.224057	0.5
174	395		1	11.059294	0.5
174	406		1	14.078352	0.5
174	413		1	15.331373	0.5
174	420		1	18.955462	0.5
174	427		1	21.385706	0.5
179	1		1	10.746069	0.5
179	9		1	11.355109	0.5
179	16		1	10.082434	0.5
179	28		1	12.492598	0.5
179	37		1	13.041238	0.5
179	45		1	16.695708	0.5
179	53		1	17.943061	0.5
179	61		1	21.089396	0.5
179	69		1	21.882532	0.5
179	73		1	25.497961	0.5
179	82		1	25.357765	0.5
179	89		1	22.399191	0.5
179	97		1	22.253377	0.5
179	106		1	20.774339	0.5
179	110		1	17.760001	0.5
179	119		1	15.152604	0.5
179	126		1	12.728747	0.5
179	133		1	10.014361	0.5
179	140		1	9.289084	0.5
179	149		1	6.087821	0.5
179	154		1	6.820869	0.5
179	161		1	5.568447	0.5
179	169		1	5.386449	0.5
179	174		1	3.756994	0.5
179	179		1	0.000000	0.5
179	186		1	3.796401	0.5
179	191		1	5.449979	0.5
179	200		1	5.078575	0.5
179	209		1	6.612359	0.5
179	216		1	8.739270	0.5
179	227		1	10.045050	0.5
179	236		1	11.110323	0.5
179	245		1	12.629990	0.5
179	257		1	14.424394	0.5
179	262		1	15.601690	0.5
179	270		1	16.877548	0.5
179	278		1	18.823771	0.5
179	286		1	20.205679	0.5
179	290		1	18.912731	0.5
179	297		1	18.916692	0.5
179	305		1	19.063649	0.5
179	309		1	18.285317	0.5
179	318		1	15.108484	0.5
179	332		1	15.000455	0.5
179	339		1	12.760639	0.5
179	351		1	14.699088	0.5
179	359		1	13.497180	0.5
179	367		1	16.778954	0.5
179	372		1	16.104689	0.5
179	379		1	12.322624	0.5
179	388		1	13.134776	0.5
179	395		1	12.160914	0.5
179	406		1	15.148903	0.5
179	413		1	16.234651	0.5
179	420		1	20.004128	0.5
179	427		1	22.250770	0.5
186	1		1	9.373883	0.5
186	9		1	8.769112	0.5
186	16		1	6.807549	0.5
186	28		1	8.779282	0.5
186	37		1	9.340985	0.5
186	45		1	13.078925	0.5
186	53		1	14.551325	0.5
186	61		1	17.842514	0.5
186	69		1	18.946466	0.5
186	73		1	22.649727	0.5
186	82		1	22.433834	0.5
186	89		1	19.280211	0.5
186	97		1	18.809487	0.5
186	106		1	17.110163	0.5
186	110		1	13.999664	0.5
186	119		1	11.485170	0.5
186	126		1	9.156858	0.5
186	133		1	6.983270	0.5
186	140		1	7.338609	0.5
186	149		1	5.423150	0.5
186	154		1	7.780556	0.5
186	161		1	6.473826	0.5
186	169		1	5.130639	0.5
186	174		1	5.480437	0.5
186	179		1	3.796401	0.5
186	186		1	0.000000	0.5
186	191		1	3.870120	0.5
186	200		1	5.306340	0.5
186	209		1	5.358280	0.5
186	216		1	6.118416	0.5
186	227		1	8.548652	0.5
186	236		1	10.106448	0.5
186	245		1	10.585210	0.5
186	257		1	12.161898	0.5
186	262		1	14.136841	0.5
186	270		1	15.368913	0.5
186	278		1	16.657874	0.5
186	286		1	18.295055	0.5
186	290		1	16.663685	0.5
186	297		1	17.091220	0.5
186	305		1	17.037124	0.5
186	309		1	16.385641	0.5
186	318		1	13.077172	0.5
186	332		1	12.868388	0.5
186	339		1	10.656269	0.5
186	351		1	12.531029	0.5
186	359		1	11.852068	0.5
186	367		1	14.824680	0.5
186	372		1	13.458094	0.5
186	379		1	9.690580	0.5
186	388		1	9.927975	0.5
186	395		1	9.048083	0.5
186	406		1	12.054566	0.5
186	413		1	13.450085	0.5
186	420		1	17.271541	0.5
186	427		1	19.758952	0.5
191	1		1	12.778463	0.5
191	9		1	11.883410	0.5
191	16		1	9.038903	0.5
191	28		1	9.884247	0.5
191	37		1	9.080965	0.5
191	45		1	12.265956	0.5
191	53		1	13.166526	0.5
191	61		1	16.010998	0.5
191	69		1	16.797439	0.5
191	73		1	20.445321	0.5
191	82		1	20.712779	0.5
191	89		1	17.983960	0.5
191	97		1	17.774282	0.5
191	106		1	16.770271	0.5
191	110		1	14.241590	0.5
191	119		1	12.489638	0.5
191	126		1	11.144536	0.5
191	133		1	9.932258	0.5
191	140		1	11.058470	0.5
191	149		1	9.251898	0.5
191	154		1	11.111779	0.5
191	161		1	8.897592	0.5
191	169		1	6.140865	0.5
191	174		1	5.090569	0.5
191	179		1	5.449979	0.5
191	186		1	3.870120	0.5
191	191		1	0.000000	0.5
191	200		1	3.829217	0.5
191	209		1	5.628069	0.5
191	216		1	5.050797	0.5
191	227		1	5.946512	0.5
191	236		1	8.631040	0.5
191	245		1	9.771038	0.5
191	257		1	10.296927	0.5
191	262		1	11.953098	0.5
191	270		1	14.034648	0.5
191	278		1	15.281049	0.5
191	286		1	16.168659	0.5
191	290		1	14.232217	0.5
191	297		1	14.004276	0.5
191	305		1	13.761044	0.5
191	309		1	12.946183	0.5
191	318		1	9.790760	0.5
191	332		1	10.153743	0.5
191	339		1	8.768242	0.5
191	351		1	11.609169	0.5
191	359		1	11.842100	0.5
191	367		1	15.179235	0.5
191	372		1	14.135627	0.5
191	379		1	10.584310	0.5
191	388		1	9.904619	0.5
191	395		1	7.687117	0.5
191	406		1	10.099837	0.5
191	413		1	10.852563	0.5
191	420		1	14.588901	0.5
191	427		1	16.888333	0.5
200	1		1	14.550105	0.5
200	9		1	13.967429	0.5
200	16		1	11.742082	0.5
200	28		1	12.703109	0.5
200	37		1	11.757956	0.5
200	45		1	14.937314	0.5
200	53		1	15.146579	0.5
200	61		1	18.040139	0.5
200	69		1	18.126140	0.5
200	73		1	21.515154	0.5
200	82		1	21.397595	0.5
200	89		1	18.814124	0.5
200	97		1	19.309925	0.5
200	106		1	18.609726	0.5
200	110		1	16.321162	0.5
200	119		1	14.092893	0.5
200	126		1	12.857857	0.5
200	133		1	10.946136	0.5
200	140		1	11.885386	0.5
200	149		1	9.835944	0.5
200	154		1	11.657473	0.5
200	161		1	10.289152	0.5
200	169		1	8.615404	0.5
200	174		1	6.261240	0.5
200	179		1	5.078575	0.5
200	186		1	5.306340	0.5
200	191		1	3.829217	0.5
200	200		1	0.000000	0.5
200	209		1	3.742228	0.5
200	216		1	5.504674	0.5
200	227		1	5.343267	0.5
200	236		1	6.437128	0.5
200	245		1	8.681571	0.5
200	257		1	10.070491	0.5
200	262		1	10.712097	0.5
200	270		1	12.357879	0.5
200	278		1	14.479853	0.5
200	286		1	15.451618	0.5
200	290		1	14.383151	0.5
200	297		1	14.282178	0.5
200	305		1	14.970346	0.5
200	309		1	14.871849	0.5
200	318		1	12.332893	0.5
200	332		1	13.454780	0.5
200	339		1	12.493082	0.5
200	351		1	15.422405	0.5
200	359		1	15.462463	0.5
200	367		1	18.840822	0.5
200	372		1	17.764301	0.5
200	379		1	14.110521	0.5
200	388		1	13.527152	0.5
200	395		1	11.243624	0.5
200	406		1	13.180927	0.5
200	413		1	13.115911	0.5
200	420		1	16.682529	0.5
200	427		1	18.323635	0.5
209	1		1	13.798373	0.5
209	9		1	12.602534	0.5
209	16		1	10.729700	0.5
209	28		1	11.299438	0.5
209	37		1	10.437641	0.5
209	45		1	13.726988	0.5
209	53		1	13.807753	0.5
209	61		1	17.074449	0.5
209	69		1	17.147907	0.5
209	73		1	20.487898	0.5
209	82		1	19.763960	0.5
209	89		1	16.849263	0.5
209	97		1	17.414454	0.5
209	106		1	16.454845	0.5
209	110		1	14.124641	0.5
209	119		1	11.426707	0.5
209	126		1	10.354407	0.5
209	133		1	8.376636	0.5
209	140		1	9.972435	0.5
209	149		1	8.999349	0.5
209	154		1	11.792120	0.5
209	161		1	11.351073	0.5
209	169		1	10.184708	0.5
209	174		1	8.954784	0.5
209	179		1	6.612359	0.5
209	186		1	5.358280	0.5
209	191		1	5.628069	0.5
209	200		1	3.742228	0.5
209	209		1	0.000000	0.5
209	216		1	3.876786	0.5
209	227		1	5.508790	0.5
209	236		1	5.212585	0.5
209	245		1	6.136377	0.5
209	257		1	8.635567	0.5
209	262		1	9.846756	0.5
209	270		1	10.482657	0.5
209	278		1	12.433845	0.5
209	286		1	14.254636	0.5
209	290		1	13.549880	0.5
209	297		1	14.432530	0.5
209	305		1	15.533306	0.5
209	309		1	16.062543	0.5
209	318		1	13.627996	0.5
209	332		1	14.835354	0.5
209	339		1	13.873538	0.5
209	351		1	16.510952	0.5
209	359		1	16.636398	0.5
209	367		1	19.591069	0.5
209	372		1	17.829849	0.5
209	379		1	14.253139	0.5
209	388		1	13.393547	0.5
209	395		1	11.443983	0.5
209	406		1	13.186068	0.5
209	413		1	13.138838	0.5
209	420		1	16.700261	0.5
209	427		1	18.278700	0.5
216	1		1	14.344399	0.5
216	9		1	12.345380	0.5
216	16		1	9.603356	0.5
216	28		1	8.995078	0.5
216	37		1	7.148501	0.5
216	45		1	10.087882	0.5
216	53		1	10.037921	0.5
216	61		1	13.258355	0.5
216	69		1	13.572851	0.5
216	73		1	17.082426	0.5
216	82		1	16.652905	0.5
216	89		1	13.706867	0.5
216	97		1	13.960660	0.5
216	106		1	13.156689	0.5
216	110		1	11.067956	0.5
216	119		1	9.101483	0.5
216	126		1	8.900901	0.5
216	133		1	8.385523	0.5
216	140		1	10.974721	0.5
216	149		1	10.673113	0.5
216	154		1	13.689206	0.5
216	161		1	12.552316	0.5
216	169		1	10.408578	0.5
216	174		1	9.885042	0.5
216	179		1	8.739270	0.5
216	186		1	6.118416	0.5
216	191		1	5.050797	0.5
216	200		1	5.504674	0.5
216	209		1	3.876786	0.5
216	216		1	0.000000	0.5
216	227		1	3.786410	0.5
216	236		1	5.497768	0.5
216	245		1	5.035620	0.5
216	257		1	6.058452	0.5
216	262		1	8.433871	0.5
216	270		1	9.790993	0.5
216	278		1	10.658531	0.5
216	286		1	12.241633	0.5
216	290		1	10.715517	0.5
216	297		1	11.690894	0.5
216	305		1	12.338832	0.5
216	309		1	12.874383	0.5
216	318		1	10.468389	0.5
216	332		1	11.831356	0.5
216	339		1	11.401544	0.5
216	351		1	14.200296	0.5
216	359		1	15.101785	0.5
216	367		1	17.837010	0.5
216	372		1	15.807392	0.5
216	379		1	12.579476	0.5
216	388		1	10.824860	0.5
216	395		1	8.361952	0.5
216	406		1	9.524646	0.5
216	413		1	9.381385	0.5
216	420		1	12.960639	0.5
216	427		1	14.771489	0.5
227	1		1	17.565333	0.5
227	9		1	15.880466	0.5
227	16		1	12.959803	0.5
227	28		1	12.286085	0.5
227	37		1	9.851697	0.5
227	45		1	12.013775	0.5
227	53		1	11.085578	0.5
227	61		1	13.588598	0.5
227	69		1	13.094073	0.5
227	73		1	16.312922	0.5
227	82		1	16.286282	0.5
227	89		1	14.041642	0.5
227	97		1	14.972125	0.5
227	106		1	15.086592	0.5
227	110		1	13.735760	0.5
227	119		1	12.369416	0.5
227	126		1	12.617928	0.5
227	133		1	12.116869	0.5
227	140		1	14.444189	0.5
227	149		1	13.555371	0.5
227	154		1	16.097348	0.5
227	161		1	14.557866	0.5
227	169		1	12.078987	0.5
227	174		1	10.506310	0.5
227	179		1	10.045050	0.5
227	186		1	8.548652	0.5
227	191		1	5.946512	0.5
227	200		1	5.343267	0.5
227	209		1	5.508790	0.5
227	216		1	3.786410	0.5
227	227		1	0.000000	0.5
227	236		1	3.871911	0.5
227	245		1	5.420080	0.5
227	257		1	5.102993	0.5
227	262		1	6.021742	0.5
227	270		1	8.512624	0.5
227	278		1	9.917831	0.5
227	286		1	10.418846	0.5
227	290		1	9.048547	0.5
227	297		1	9.142898	0.5
227	305		1	10.246444	0.5
227	309		1	11.092351	0.5
227	318		1	9.412185	0.5
227	332		1	11.726303	0.5
227	339		1	12.187930	0.5
227	351		1	15.573451	0.5
227	359		1	16.834294	0.5
227	367		1	19.884794	0.5
227	372		1	18.296392	0.5
227	379		1	15.141536	0.5
227	388		1	13.207774	0.5
227	395		1	10.015982	0.5
227	406		1	10.402139	0.5
227	413		1	9.064056	0.5
227	420		1	12.248196	0.5
227	427		1	13.367317	0.5
236	1		1	18.836281	0.5
236	9		1	17.225301	0.5
236	16		1	14.894770	0.5
236	28		1	14.381215	0.5
236	37		1	12.221256	0.5
236	45		1	14.461523	0.5
236	53		1	13.135840	0.5
236	61		1	15.766250	0.5
236	69		1	14.715624	0.5
236	73		1	17.514563	0.5
236	82		1	16.745120	0.5
236	89		1	14.538116	0.5
236	97		1	16.138417	0.5
236	106		1	16.337400	0.5
236	110		1	15.161411	0.5
236	119		1	13.236672	0.5
236	126		1	13.564399	0.5
236	133		1	12.576780	0.5
236	140		1	14.863291	0.5
236	149		1	14.207541	0.5
236	154		1	16.931298	0.5
236	161		1	16.177862	0.5
236	169		1	14.425526	0.5
236	174		1	12.603482	0.5
236	179		1	11.110323	0.5
236	186		1	10.106448	0.5
236	191		1	8.631040	0.5
236	200		1	6.437128	0.5
236	209		1	5.212585	0.5
236	216		1	5.497768	0.5
236	227		1	3.871911	0.5
236	236		1	0.000000	0.5
236	245		1	3.760951	0.5
236	257		1	5.475113	0.5
236	262		1	5.009423	0.5
236	270		1	5.953136	0.5
236	278		1	8.556544	0.5
236	286		1	9.725164	0.5
236	290		1	9.819988	0.5
236	297		1	10.708046	0.5
236	305		1	12.841019	0.5
236	309		1	14.417204	0.5
236	318		1	13.156272	0.5
236	332		1	15.565775	0.5
236	339		1	15.876745	0.5
236	351		1	19.102117	0.5
236	359		1	20.063980	0.5
236	367		1	23.061079	0.5
236	372		1	21.242547	0.5
236	379		1	17.952817	0.5
236	388		1	16.215172	0.5
236	395		1	13.365679	0.5
236	406		1	13.752079	0.5
236	413		1	12.220981	0.5
236	420		1	15.088606	0.5
236	427		1	15.605461	0.5
245	1		1	18.248599	0.5
245	9		1	15.994229	0.5
245	16		1	13.742517	0.5
245	28		1	12.531567	0.5
245	37		1	10.222688	0.5
245	45		1	12.155381	0.5
245	53		1	10.656711	0.5
245	61		1	13.565957	0.5
245	69		1	12.707353	0.5
245	73		1	15.539819	0.5
245	82		1	14.250704	0.5
245	89		1	11.576557	0.5
245	97		1	13.073299	0.5
245	106		1	13.073738	0.5
245	110		1	12.073538	0.5
245	119		1	10.178587	0.5
245	126		1	11.188636	0.5
245	133		1	10.938723	0.5
245	140		1	13.922900	0.5
245	149		1	14.237675	0.5
245	154		1	17.500943	0.5
245	161		1	17.013503	0.5
245	169		1	15.274533	0.5
245	174		1	14.336103	0.5
245	179		1	12.629990	0.5
245	186		1	10.585210	0.5
245	191		1	9.771038	0.5
245	200		1	8.681571	0.5
245	209		1	6.136377	0.5
245	216		1	5.035620	0.5
245	227		1	5.420080	0.5
245	236		1	3.760951	0.5
245	245		1	0.000000	0.5
245	257		1	3.821801	0.5
245	262		1	5.387255	0.5
245	270		1	5.100770	0.5
245	278		1	6.344145	0.5
245	286		1	8.713405	0.5
245	290		1	8.665182	0.5
245	297		1	10.744829	0.5
245	305		1	12.773991	0.5
245	309		1	14.672779	0.5
245	318		1	13.400756	0.5
245	332		1	15.629456	0.5
245	339		1	15.950651	0.5
245	351		1	18.838815	0.5
245	359		1	20.019791	0.5
245	367		1	22.564820	0.5
245	372		1	20.212612	0.5
245	379		1	17.220274	0.5
245	388		1	15.108008	0.5
245	395		1	12.576385	0.5
245	406		1	12.612864	0.5
245	413		1	11.239644	0.5
245	420		1	13.981483	0.5
245	427		1	14.641220	0.5
257	1		1	20.079568	0.5
257	9		1	17.594066	0.5
257	16		1	14.736497	0.5
257	28		1	12.858418	0.5
257	37		1	9.687124	0.5
257	45		1	10.609272	0.5
257	53		1	8.314171	0.5
257	61		1	10.578148	0.5
257	69		1	9.311461	0.5
257	73		1	12.185919	0.5
257	82		1	11.506864	0.5
257	89		1	9.287531	0.5
257	97		1	10.944295	0.5
257	106		1	11.797131	0.5
257	110		1	11.572637	0.5
257	119		1	10.874379	0.5
257	126		1	12.571594	0.5
257	133		1	13.166565	0.5
257	140		1	16.364598	0.5
257	149		1	16.576278	0.5
257	154		1	19.702039	0.5
257	161		1	18.556797	0.5
257	169		1	16.136181	0.5
257	174		1	15.238175	0.5
257	179		1	14.424394	0.5
257	186		1	12.161898	0.5
257	191		1	10.296927	0.5
257	200		1	10.070491	0.5
257	209		1	8.635567	0.5
257	216		1	6.058452	0.5
257	227		1	5.102993	0.5
257	236		1	5.475113	0.5
257	245		1	3.821801	0.5
257	257		1	0.000000	0.5
257	262		1	3.746910	0.5
257	270		1	5.510061	0.5
257	278		1	5.215083	0.5
257	286		1	6.244255	0.5
257	290		1	5.052141	0.5
257	297		1	7.107304	0.5
257	305		1	9.105170	0.5
257	309		1	11.395167	0.5
257	318		1	10.783326	0.5
257	332		1	13.533239	0.5
257	339		1	14.708771	0.5
257	351		1	17.832750	0.5
257	359		1	19.681350	0.5
257	367		1	22.160510	0.5
257	372		1	19.917156	0.5
257	379		1	17.289883	0.5
257	388		1	14.581687	0.5
257	395		1	11.496744	0.5
257	406		1	10.517648	0.5
257	413		1	8.254257	0.5
257	420		1	10.518394	0.5
257	427		1	10.862739	0.5
262	1		1	22.718230	0.5
262	9		1	20.588797	0.5
262	16		1	17.832046	0.5
262	28		1	16.340991	0.5
262	37		1	13.280258	0.5
262	45		1	14.232632	0.5
262	53		1	11.721561	0.5
262	61		1	13.392018	0.5
262	69		1	11.323422	0.5
262	73		1	13.467912	0.5
262	82		1	12.840122	0.5
262	89		1	11.521255	0.5
262	97		1	13.901988	0.5
262	106		1	15.254155	0.5
262	110		1	15.283781	0.5
262	119		1	14.443082	0.5
262	126		1	15.919265	0.5
262	133		1	15.978006	0.5
262	140		1	18.855662	0.5
262	149		1	18.617409	0.5
262	154		1	21.486095	0.5
262	161		1	20.372462	0.5
262	169		1	18.062392	0.5
262	174		1	16.422844	0.5
262	179		1	15.601690	0.5
262	186		1	14.136841	0.5
262	191		1	11.953098	0.5
262	200		1	10.712097	0.5
262	209		1	9.846756	0.5
262	216		1	8.433871	0.5
262	227		1	6.021742	0.5
262	236		1	5.009423	0.5
262	245		1	5.387255	0.5
262	257		1	3.746910	0.5
262	262		1	0.000000	0.5
262	270		1	3.814773	0.5
262	278		1	5.289436	0.5
262	286		1	4.930132	0.5
262	290		1	5.563798	0.5
262	297		1	6.732571	0.5
262	305		1	9.809334	0.5
262	309		1	12.501296	0.5
262	318		1	12.549468	0.5
262	332		1	15.740826	0.5
262	339		1	17.161926	0.5
262	351		1	20.572945	0.5
262	359		1	22.338116	0.5
262	367		1	25.112576	0.5
262	372		1	23.157479	0.5
262	379		1	20.345301	0.5
262	388		1	17.835042	0.5
262	395		1	14.535989	0.5
262	406		1	13.579266	0.5
262	413		1	10.855944	0.5
262	420		1	12.620659	0.5
262	427		1	12.047475	0.5
270	1		1	23.301977	0.5
270	9		1	21.065933	0.5
270	16		1	18.804473	0.5
270	28		1	17.326260	0.5
270	37		1	14.598987	0.5
270	45		1	15.671294	0.5
270	53		1	13.130164	0.5
270	61		1	15.091163	0.5
270	69		1	12.958663	0.5
270	73		1	14.721318	0.5
270	82		1	13.091029	0.5
270	89		1	11.570143	0.5
270	97		1	14.331431	0.5
270	106		1	15.492291	0.5
270	110		1	15.616877	0.5
270	119		1	14.338719	0.5
270	126		1	15.958165	0.5
270	133		1	15.879035	0.5
270	140		1	18.824752	0.5
270	149		1	19.061029	0.5
270	154		1	22.184344	0.5
270	161		1	21.704451	0.5
270	169		1	19.894644	0.5
270	174		1	18.425987	0.5
270	179		1	16.877548	0.5
270	186		1	15.368913	0.5
270	191		1	14.034648	0.5
270	200		1	12.357879	0.5
270	209		1	10.482657	0.5
270	216		1	9.790993	0.5
270	227		1	8.512624	0.5
270	236		1	5.953136	0.5
270	245		1	5.100770	0.5
270	257		1	5.510061	0.5
270	262		1	3.814773	0.5
270	270		1	0.000000	0.5
270	278		1	3.800503	0.5
270	286		1	5.528349	0.5
270	290		1	7.699940	0.5
270	297		1	9.966126	0.5
270	305		1	13.158832	0.5
270	309		1	16.023703	0.5
270	318		1	15.899175	0.5
270	332		1	18.848609	0.5
270	339		1	19.914624	0.5
270	351		1	23.085284	0.5
270	359		1	24.606519	0.5
270	367		1	27.216376	0.5
270	372		1	24.921134	0.5
270	379		1	22.062957	0.5
270	388		1	19.673672	0.5
270	395		1	16.783994	0.5
270	406		1	16.022764	0.5
270	413		1	13.619696	0.5
270	420		1	15.349734	0.5
270	427		1	14.694356	0.5
278	1		1	23.975782	0.5
278	9		1	21.256904	0.5
278	16		1	18.824670	0.5
278	28		1	16.642125	0.5
278	37		1	13.580958	0.5
278	45		1	13.784059	0.5
278	53		1	10.731375	0.5
278	61		1	12.277846	0.5
278	69		1	9.933350	0.5
278	73		1	11.410473	0.5
278	82		1	9.404139	0.5
278	89		1	7.919497	0.5
278	97		1	10.998226	0.5
278	106		1	12.651088	0.5
278	110		1	13.550473	0.5
278	119		1	13.055618	0.5
278	126		1	15.460278	0.5
278	133		1	16.267483	0.5
278	140		1	19.658075	0.5
278	149		1	20.411418	0.5
278	154		1	23.769218	0.5
278	161		1	23.130143	0.5
278	169		1	21.035455	0.5
278	174		1	20.110789	0.5
278	179		1	18.823771	0.5
278	186		1	16.657874	0.5
278	191		1	15.281049	0.5
278	200		1	14.479853	0.5
278	209		1	12.433845	0.5
278	216		1	10.658531	0.5
278	227		1	9.917831	0.5
278	236		1	8.556544	0.5
278	245		1	6.344145	0.5
278	257		1	5.215083	0.5
278	262		1	5.289436	0.5
278	270		1	3.800503	0.5
278	278		1	0.000000	0.5
278	286		1	3.827757	0.5
278	290		1	5.708170	0.5
278	297		1	9.024845	0.5
278	305		1	11.967735	0.5
278	309		1	15.156793	0.5
278	318		1	15.373682	0.5
278	332		1	18.296636	0.5
278	339		1	19.704974	0.5
278	351		1	22.667287	0.5
278	359		1	24.602241	0.5
278	367		1	26.831399	0.5
278	372		1	24.262829	0.5
278	379		1	21.844616	0.5
278	388		1	19.009235	0.5
278	395		1	16.216460	0.5
278	406		1	14.783368	0.5
278	413		1	12.208555	0.5
278	420		1	13.315719	0.5
278	427		1	12.455116	0.5
286	1		1	26.268252	0.5
286	9		1	23.667010	0.5
286	16		1	20.850951	0.5
286	28		1	18.616173	0.5
286	37		1	15.189209	0.5
286	45		1	14.957799	0.5
286	53		1	11.559316	0.5
286	61		1	12.159219	0.5
286	69		1	9.073470	0.5
286	73		1	9.970069	0.5
286	82		1	8.938654	0.5
286	89		1	8.806881	0.5
286	97		1	12.062640	0.5
286	106		1	14.458510	0.5
286	110		1	15.720444	0.5
286	119		1	15.775369	0.5
286	126		1	18.163119	0.5
286	133		1	19.023316	0.5
286	140		1	22.327815	0.5
286	149		1	22.649878	0.5
286	154		1	25.765951	0.5
286	161		1	24.658655	0.5
286	169		1	22.177107	0.5
286	174		1	20.916668	0.5
286	179		1	20.205679	0.5
286	186		1	18.295055	0.5
286	191		1	16.168659	0.5
286	200		1	15.451618	0.5
286	209		1	14.254636	0.5
286	216		1	12.241633	0.5
286	227		1	10.418846	0.5
286	236		1	9.725164	0.5
286	245		1	8.713405	0.5
286	257		1	6.244255	0.5
286	262		1	4.930132	0.5
286	270		1	5.528349	0.5
286	278		1	3.827757	0.5
286	286		1	0.000000	0.5
286	290		1	3.834538	0.5
286	297		1	6.345921	0.5
286	305		1	9.798797	0.5
286	309		1	13.393414	0.5
286	318		1	14.466613	0.5
286	332		1	17.842213	0.5
286	339		1	19.876812	0.5
286	351		1	23.111529	0.5
286	359		1	25.383862	0.5
286	367		1	27.762699	0.5
286	372		1	25.519373	0.5
286	379		1	23.200353	0.5
286	388		1	20.184598	0.5
286	395		1	16.956584	0.5
286	406		1	15.031660	0.5
286	413		1	11.769826	0.5
286	420		1	12.140871	0.5
286	427		1	10.388974	0.5
290	1		1	24.441161	0.5
290	9		1	21.744589	0.5
290	16		1	18.603715	0.5
290	28		1	16.136675	0.5
290	37		1	12.480676	0.5
290	45		1	11.854827	0.5
290	53		1	8.460366	0.5
290	61		1	8.825122	0.5
290	69		1	6.035883	0.5
290	73		1	7.980711	0.5
290	82		1	8.060824	0.5
290	89		1	7.480727	0.5
290	97		1	9.886290	0.5
290	106		1	12.262483	0.5
290	110		1	13.449274	0.5
290	119		1	14.046677	0.5
290	126		1	16.451889	0.5
290	133		1	17.711391	0.5
290	140		1	21.064879	0.5
290	149		1	21.339910	0.5
290	154		1	24.374482	0.5
290	161		1	22.856360	0.5
290	169		1	20.021296	0.5
290	174		1	19.112957	0.5
290	179		1	18.912731	0.5
290	186		1	16.663685	0.5
290	191		1	14.232217	0.5
290	200		1	14.383151	0.5
290	209		1	13.549880	0.5
290	216		1	10.715517	0.5
290	227		1	9.048547	0.5
290	236		1	9.819988	0.5
290	245		1	8.665182	0.5
290	257		1	5.052141	0.5
290	262		1	5.563798	0.5
290	270		1	7.699940	0.5
290	278		1	5.708170	0.5
290	286		1	3.834538	0.5
290	290		1	0.000000	0.5
290	297		1	3.759368	0.5
290	305		1	6.407816	0.5
290	309		1	9.906082	0.5
290	318		1	10.988471	0.5
290	332		1	14.310357	0.5
290	339		1	16.589040	0.5
290	351		1	19.756780	0.5
290	359		1	22.299200	0.5
290	367		1	24.547692	0.5
290	372		1	22.401950	0.5
290	379		1	20.334213	0.5
290	388		1	17.118419	0.5
290	395		1	13.794069	0.5
290	406		1	11.496755	0.5
290	413		1	8.060087	0.5
290	420		1	8.341716	0.5
290	427		1	7.027268	0.5
297	1		1	25.366138	0.5
297	9		1	22.997934	0.5
297	16		1	19.596284	0.5
297	28		1	17.436543	0.5
297	37		1	13.785005	0.5
297	45		1	13.242213	0.5
297	53		1	10.302108	0.5
297	61		1	10.129518	0.5
297	69		1	7.665706	0.5
297	73		1	9.444867	0.5
297	82		1	10.772157	0.5
297	89		1	10.740008	0.5
297	97		1	12.591374	0.5
297	106		1	14.902714	0.5
297	110		1	15.795279	0.5
297	119		1	16.472165	0.5
297	126		1	18.440191	0.5
297	133		1	19.455813	0.5
297	140		1	22.499568	0.5
297	149		1	22.207289	0.5
297	154		1	24.846992	0.5
297	161		1	22.861530	0.5
297	169		1	19.733167	0.5
297	174		1	18.468062	0.5
297	179		1	18.916692	0.5
297	186		1	17.091220	0.5
297	191		1	14.004276	0.5
297	200		1	14.282178	0.5
297	209		1	14.432530	0.5
297	216		1	11.690894	0.5
297	227		1	9.142898	0.5
297	236		1	10.708046	0.5
297	245		1	10.744829	0.5
297	257		1	7.107304	0.5
297	262		1	6.732571	0.5
297	270		1	9.966126	0.5
297	278		1	9.024845	0.5
297	286		1	6.345921	0.5
297	290		1	3.759368	0.5
297	297		1	0.000000	0.5
297	305		1	3.782176	0.5
297	309		1	7.368281	0.5
297	318		1	9.245651	0.5
297	332		1	12.936016	0.5
297	339		1	15.681470	0.5
297	351		1	19.110546	0.5
297	359		1	21.790187	0.5
297	367		1	24.281189	0.5
297	372		1	22.657180	0.5
297	379		1	20.592073	0.5
297	388		1	17.488626	0.5
297	395		1	13.836506	0.5
297	406		1	11.500997	0.5
297	413		1	7.778296	0.5
297	420		1	7.729667	0.5
297	427		1	6.102556	0.5
305	1		1	24.758803	0.5
305	9		1	22.393608	0.5
305	16		1	18.764799	0.5
305	28		1	16.493780	0.5
305	37		1	12.886495	0.5
305	45		1	11.864739	0.5
305	53		1	9.486992	0.5
305	61		1	8.701436	0.5
305	69		1	7.335373	0.5
305	73		1	9.564443	0.5
305	82		1	11.849823	0.5
305	89		1	11.678444	0.5
305	97		1	12.448412	0.5
305	106		1	14.520263	0.5
305	110		1	15.285172	0.5
305	119		1	16.502527	0.5
305	126		1	18.333614	0.5
305	133		1	19.680830	0.5
305	140		1	22.613508	0.5
305	149		1	22.255606	0.5
305	154		1	24.685859	0.5
305	161		1	22.283673	0.5
305	169		1	18.839221	0.5
305	174		1	17.995353	0.5
305	179		1	19.063649	0.5
305	186		1	17.037124	0.5
305	191		1	13.761044	0.5
305	200		1	14.970346	0.5
305	209		1	15.533306	0.5
305	216		1	12.338832	0.5
305	227		1	10.246444	0.5
305	236		1	12.841019	0.5
305	245		1	12.773991	0.5
305	257		1	9.105170	0.5
305	262		1	9.809334	0.5
305	270		1	13.158832	0.5
305	278		1	11.967735	0.5
305	286		1	9.798797	0.5
305	290		1	6.407816	0.5
305	297		1	3.782176	0.5
305	305		1	0.000000	0.5
305	309		1	3.862649	0.5
305	318		1	6.489699	0.5
305	332		1	10.053390	0.5
305	339		1	13.290311	0.5
305	351		1	16.552032	0.5
305	359		1	19.580848	0.5
305	367		1	21.866572	0.5
305	372		1	20.499013	0.5
305	379		1	18.852117	0.5
305	388		1	15.641727	0.5
305	395		1	12.032434	0.5
305	406		1	9.277802	0.5
305	413		1	5.638993	0.5
305	420		1	4.882022	0.5
305	427		1	4.212175	0.5
309	1		1	23.629797	0.5
309	9		1	21.552025	0.5
309	16		1	17.803833	0.5
309	28		1	15.859825	0.5
309	37		1	12.652167	0.5
309	45		1	11.801419	0.5
309	53		1	10.579741	0.5
309	61		1	9.938219	0.5
309	69		1	9.935615	0.5
309	73		1	12.484539	0.5
309	82		1	15.023371	0.5
309	89		1	14.451707	0.5
309	97		1	14.354365	0.5
309	106		1	15.755746	0.5
309	110		1	15.911108	0.5
309	119		1	17.182690	0.5
309	126		1	18.468842	0.5
309	133		1	19.751639	0.5
309	140		1	22.301972	0.5
309	149		1	21.618736	0.5
309	154		1	23.633898	0.5
309	161		1	20.803166	0.5
309	169		1	17.138643	0.5
309	174		1	16.537034	0.5
309	179		1	18.285317	0.5
309	186		1	16.385641	0.5
309	191		1	12.946183	0.5
309	200		1	14.871849	0.5
309	209		1	16.062543	0.5
309	216		1	12.874383	0.5
309	227		1	11.092351	0.5
309	236		1	14.417204	0.5
309	245		1	14.672779	0.5
309	257		1	11.395167	0.5
309	262		1	12.501296	0.5
309	270		1	16.023703	0.5
309	278		1	15.156793	0.5
309	286		1	13.393414	0.5
309	290		1	9.906082	0.5
309	297		1	7.368281	0.5
309	305		1	3.862649	0.5
309	309		1	0.000000	0.5
309	318		1	3.784664	0.5
309	332		1	6.964689	0.5
309	339		1	10.555260	0.5
309	351		1	13.733323	0.5
309	359		1	16.889109	0.5
309	367		1	19.177661	0.5
309	372		1	18.332408	0.5
309	379		1	16.920290	0.5
309	388		1	13.952711	0.5
309	395		1	10.461816	0.5
309	406		1	8.003621	0.5
309	413		1	5.517654	0.5
309	420		1	5.352196	0.5
309	427		1	6.658724	0.5
318	1		1	19.975449	0.5
318	9		1	18.058989	0.5
318	16		1	14.309579	0.5
318	28		1	12.732578	0.5
318	37		1	9.937402	0.5
318	45		1	9.899590	0.5
318	53		1	9.766038	0.5
318	61		1	10.295461	0.5
318	69		1	11.214913	0.5
318	73		1	14.467217	0.5
318	82		1	16.428403	0.5
318	89		1	14.966917	0.5
318	97		1	14.361382	0.5
318	106		1	14.836048	0.5
318	110		1	14.096576	0.5
318	119		1	14.937755	0.5
318	126		1	15.633564	0.5
318	133		1	16.712537	0.5
318	140		1	18.988116	0.5
318	149		1	18.191043	0.5
318	154		1	20.084059	0.5
318	161		1	17.181466	0.5
318	169		1	13.488703	0.5
318	174		1	13.249655	0.5
318	179		1	15.108484	0.5
318	186		1	13.077172	0.5
318	191		1	9.790760	0.5
318	200		1	12.332893	0.5
318	209		1	13.627996	0.5
318	216		1	10.468389	0.5
318	227		1	9.412185	0.5
318	236		1	13.156272	0.5
318	245		1	13.400756	0.5
318	257		1	10.783326	0.5
318	262		1	12.549468	0.5
318	270		1	15.899175	0.5
318	278		1	15.373682	0.5
318	286		1	14.466613	0.5
318	290		1	10.988471	0.5
318	297		1	9.245651	0.5
318	305		1	6.489699	0.5
318	309		1	3.784664	0.5
318	318		1	0.000000	0.5
318	332		1	3.773724	0.5
318	339		1	6.943466	0.5
318	351		1	10.353011	0.5
318	359		1	13.293161	0.5
318	367		1	15.782993	0.5
318	372		1	14.957772	0.5
318	379		1	13.278390	0.5
318	388		1	10.537704	0.5
318	395		1	7.002590	0.5
318	406		1	5.462376	0.5
318	413		1	4.566482	0.5
318	420		1	6.652656	0.5
318	427		1	9.260945	0.5
332	1		1	18.277445	0.5
332	9		1	16.562864	0.5
332	16		1	12.881840	0.5
332	28		1	11.640431	0.5
332	37		1	9.742326	0.5
332	45		1	9.862602	0.5
332	53		1	11.074282	0.5
332	61		1	11.803595	0.5
332	69		1	13.682458	0.5
332	73		1	17.052143	0.5
332	82		1	18.991148	0.5
332	89		1	17.179719	0.5
332	97		1	15.813261	0.5
332	106		1	15.528169	0.5
332	110		1	14.202960	0.5
332	119		1	15.119103	0.5
332	126		1	15.255399	0.5
332	133		1	16.426414	0.5
332	140		1	18.272201	0.5
332	149		1	17.449108	0.5
332	154		1	18.974268	0.5
332	161		1	15.814025	0.5
332	169		1	12.082731	0.5
332	174		1	12.717946	0.5
332	179		1	15.000455	0.5
332	186		1	12.868388	0.5
332	191		1	10.153743	0.5
332	200		1	13.454780	0.5
332	209		1	14.835354	0.5
332	216		1	11.831356	0.5
332	227		1	11.726303	0.5
332	236		1	15.565775	0.5
332	245		1	15.629456	0.5
332	257		1	13.533239	0.5
332	262		1	15.740826	0.5
332	270		1	18.848609	0.5
332	278		1	18.296636	0.5
332	286		1	17.842213	0.5
332	290		1	14.310357	0.5
332	297		1	12.936016	0.5
332	305		1	10.053390	0.5
332	309		1	6.964689	0.5
332	318		1	3.773724	0.5
332	332		1	0.000000	0.5
332	339		1	3.828769	0.5
332	351		1	6.800166	0.5
332	359		1	10.008083	0.5
332	367		1	12.275644	0.5
332	372		1	11.855755	0.5
332	379		1	10.642388	0.5
332	388		1	8.261895	0.5
332	395		1	5.609373	0.5
332	406		1	5.238643	0.5
332	413		1	6.787564	0.5
332	420		1	8.867530	0.5
332	427		1	12.140296	0.5
339	1		1	14.882506	0.5
339	9		1	13.557828	0.5
339	16		1	10.089619	0.5
339	28		1	9.760177	0.5
339	37		1	9.095973	0.5
339	45		1	10.322105	0.5
339	53		1	12.502634	0.5
339	61		1	14.062926	0.5
339	69		1	16.268431	0.5
339	73		1	19.880657	0.5
339	82		1	21.343229	0.5
339	89		1	18.990048	0.5
339	97		1	17.369170	0.5
339	106		1	16.263311	0.5
339	110		1	14.070791	0.5
339	119		1	14.345890	0.5
339	126		1	13.585587	0.5
339	133		1	14.352812	0.5
339	140		1	15.596100	0.5
339	149		1	14.597616	0.5
339	154		1	15.783394	0.5
339	161		1	12.542854	0.5
339	169		1	8.933952	0.5
339	174		1	10.399591	0.5
339	179		1	12.760639	0.5
339	186		1	10.656269	0.5
339	191		1	8.768242	0.5
339	200		1	12.493082	0.5
339	209		1	13.873538	0.5
339	216		1	11.401544	0.5
339	227		1	12.187930	0.5
339	236		1	15.876745	0.5
339	245		1	15.950651	0.5
339	257		1	14.708771	0.5
339	262		1	17.161926	0.5
339	270		1	19.914624	0.5
339	278		1	19.704974	0.5
339	286		1	19.876812	0.5
339	290		1	16.589040	0.5
339	297		1	15.681470	0.5
339	305		1	13.290311	0.5
339	309		1	10.555260	0.5
339	318		1	6.943466	0.5
339	332		1	3.828769	0.5
339	339		1	0.000000	0.5
339	351		1	3.786373	0.5
339	359		1	6.352146	0.5
339	367		1	9.063380	0.5
339	372		1	8.872909	0.5
339	379		1	7.230497	0.5
339	388		1	5.847573	0.5
339	395		1	4.460369	0.5
339	406		1	6.549158	0.5
339	413		1	9.255308	0.5
339	420		1	12.019629	0.5
339	427		1	15.452588	0.5
351	1		1	14.202652	0.5
351	9		1	13.050651	0.5
351	16		1	10.104351	0.5
351	28		1	10.078724	0.5
351	37		1	10.539363	0.5
351	45		1	11.514011	0.5
351	53		1	14.441822	0.5
351	61		1	15.922937	0.5
351	69		1	18.679168	0.5
351	73		1	22.240315	0.5
351	82		1	23.670835	0.5
351	89		1	21.159798	0.5
351	97		1	18.977933	0.5
351	106		1	17.334893	0.5
351	110		1	14.873799	0.5
351	119		1	15.339894	0.5
351	126		1	14.225083	0.5
351	133		1	15.231604	0.5
351	140		1	16.034291	0.5
351	149		1	15.336895	0.5
351	154		1	16.165607	0.5
351	161		1	13.032349	0.5
351	169		1	9.978964	0.5
351	174		1	12.427051	0.5
351	179		1	14.699088	0.5
351	186		1	12.531029	0.5
351	191		1	11.609169	0.5
351	200		1	15.422405	0.5
351	209		1	16.510952	0.5
351	216		1	14.200296	0.5
351	227		1	15.573451	0.5
351	236		1	19.102117	0.5
351	245		1	18.838815	0.5
351	257		1	17.832750	0.5
351	262		1	20.572945	0.5
351	270		1	23.085284	0.5
351	278		1	22.667287	0.5
351	286		1	23.111529	0.5
351	290		1	19.756780	0.5
351	297		1	19.110546	0.5
351	305		1	16.552032	0.5
351	309		1	13.733323	0.5
351	318		1	10.353011	0.5
351	332		1	6.800166	0.5
351	339		1	3.786373	0.5
351	351		1	0.000000	0.5
351	359		1	3.800891	0.5
351	367		1	5.484148	0.5
351	372		1	5.909425	0.5
351	379		1	5.661034	0.5
351	388		1	5.448890	0.5
351	395		1	6.516488	0.5
351	406		1	8.732883	0.5
351	413		1	12.092719	0.5
351	420		1	14.504365	0.5
351	427		1	18.176065	0.5
359	1		1	11.745402	0.5
359	9		1	11.516209	0.5
359	16		1	9.368873	0.5
359	28		1	10.708491	0.5
359	37		1	12.209845	0.5
359	45		1	14.011540	0.5
359	53		1	17.136942	0.5
359	61		1	19.094273	0.5
359	69		1	21.771536	0.5
359	73		1	25.451845	0.5
359	82		1	26.570785	0.5
359	89		1	23.782137	0.5
359	97		1	21.675861	0.5
359	106		1	19.633448	0.5
359	110		1	16.655039	0.5
359	119		1	16.391364	0.5
359	126		1	14.433812	0.5
359	133		1	14.717098	0.5
359	140		1	14.601836	0.5
359	149		1	13.536705	0.5
359	154		1	13.649446	0.5
359	161		1	10.547236	0.5
359	169		1	8.226137	0.5
359	174		1	11.290998	0.5
359	179		1	13.497180	0.5
359	186		1	11.852068	0.5
359	191		1	11.842100	0.5
359	200		1	15.462463	0.5
359	209		1	16.636398	0.5
359	216		1	15.101785	0.5
359	227		1	16.834294	0.5
359	236		1	20.063980	0.5
359	245		1	20.019791	0.5
359	257		1	19.681350	0.5
359	262		1	22.338116	0.5
359	270		1	24.606519	0.5
359	278		1	24.602241	0.5
359	286		1	25.383862	0.5
359	290		1	22.299200	0.5
359	297		1	21.790187	0.5
359	305		1	19.580848	0.5
359	309		1	16.889109	0.5
359	318		1	13.293161	0.5
359	332		1	10.008083	0.5
359	339		1	6.352146	0.5
359	351		1	3.800891	0.5
359	359		1	0.000000	0.5
359	367		1	3.791868	0.5
359	372		1	5.458495	0.5
359	379		1	4.624905	0.5
359	388		1	6.830162	0.5
359	395		1	8.719554	0.5
359	406		1	11.756539	0.5
359	413		1	15.103317	0.5
359	420		1	17.898101	0.5
359	427		1	21.512167	0.5
367	1		1	12.774406	0.5
367	9		1	12.327314	0.5
367	16		1	10.780356	0.5
367	28		1	11.719872	0.5
367	37		1	13.671341	0.5
367	45		1	14.882974	0.5
367	53		1	18.378726	0.5
367	61		1	20.107219	0.5
367	69		1	23.201550	0.5
367	73		1	26.760478	0.5
367	82		1	27.880259	0.5
367	89		1	25.053294	0.5
367	97		1	22.473371	0.5
367	106		1	20.116149	0.5
367	110		1	17.184664	0.5
367	119		1	17.346221	0.5
367	126		1	15.496263	0.5
367	133		1	16.319385	0.5
367	140		1	16.187111	0.5
367	149		1	15.786197	0.5
367	154		1	15.942668	0.5
367	161		1	13.340831	0.5
367	169		1	11.575370	0.5
367	174		1	14.906239	0.5
367	179		1	16.778954	0.5
367	186		1	14.824680	0.5
367	191		1	15.179235	0.5
367	200		1	18.840822	0.5
367	209		1	19.591069	0.5
367	216		1	17.837010	0.5
367	227		1	19.884794	0.5
367	236		1	23.061079	0.5
367	245		1	22.564820	0.5
367	257		1	22.160510	0.5
367	262		1	25.112576	0.5
367	270		1	27.216376	0.5
367	278		1	26.831399	0.5
367	286		1	27.762699	0.5
367	290		1	24.547692	0.5
367	297		1	24.281189	0.5
367	305		1	21.866572	0.5
367	309		1	19.177661	0.5
367	318		1	15.782993	0.5
367	332		1	12.275644	0.5
367	339		1	9.063380	0.5
367	351		1	5.484148	0.5
367	359		1	3.791868	0.5
367	367		1	0.000000	0.5
367	372		1	3.810639	0.5
367	379		1	5.744494	0.5
367	388		1	7.954039	0.5
367	395		1	10.807089	0.5
367	406		1	13.389782	0.5
367	413		1	17.047503	0.5
367	420		1	19.455654	0.5
367	427		1	23.223535	0.5
372	1		1	11.355237	0.5
372	9		1	9.883586	0.5
372	16		1	8.195814	0.5
372	28		1	8.481142	0.5
372	37		1	10.749255	0.5
372	45		1	11.899501	0.5
372	53		1	15.599233	0.5
372	61		1	17.588264	0.5
372	69		1	20.800162	0.5
372	73		1	24.364149	0.5
372	82		1	25.133603	0.5
372	89		1	22.106910	0.5
372	97		1	19.385573	0.5
372	106		1	16.731842	0.5
372	110		1	13.672977	0.5
372	119		1	13.903563	0.5
372	126		1	12.229276	0.5
372	133		1	13.596426	0.5
372	140		1	13.995597	0.5
372	149		1	14.376697	0.5
372	154		1	15.361138	0.5
372	161		1	13.259958	0.5
372	169		1	11.478268	0.5
372	174		1	14.921672	0.5
372	179		1	16.104689	0.5
372	186		1	13.458094	0.5
372	191		1	14.135627	0.5
372	200		1	17.764301	0.5
372	209		1	17.829849	0.5
372	216		1	15.807392	0.5
372	227		1	18.296392	0.5
372	236		1	21.242547	0.5
372	245		1	20.212612	0.5
372	257		1	19.917156	0.5
372	262		1	23.157479	0.5
372	270		1	24.921134	0.5
372	278		1	24.262829	0.5
372	286		1	25.519373	0.5
372	290		1	22.401950	0.5
372	297		1	22.657180	0.5
372	305		1	20.499013	0.5
372	309		1	18.332408	0.5
372	318		1	14.957772	0.5
372	332		1	11.855755	0.5
372	339		1	8.872909	0.5
372	351		1	5.909425	0.5
372	359		1	5.458495	0.5
372	367		1	3.810639	0.5
372	372		1	0.000000	0.5
372	379		1	3.797760	0.5
372	388		1	5.357179	0.5
372	395		1	8.930885	0.5
372	406		1	11.426590	0.5
372	413		1	15.218731	0.5
372	420		1	17.707564	0.5
372	427		1	21.483614	0.5
379	1		1	8.877108	0.5
379	9		1	7.496081	0.5
379	16		1	5.141603	0.5
379	28		1	6.421744	0.5
379	37		1	8.779115	0.5
379	45		1	11.022869	0.5
379	53		1	14.425793	0.5
379	61		1	16.941136	0.5
379	69		1	19.706553	0.5
379	73		1	23.453744	0.5
379	82		1	24.000054	0.5
379	89		1	20.840924	0.5
379	97		1	18.634718	0.5
379	106		1	16.115114	0.5
379	110		1	12.762957	0.5
379	119		1	12.166457	0.5
379	126		1	10.016739	0.5
379	133		1	10.669923	0.5
379	140		1	10.979279	0.5
379	149		1	10.912521	0.5
379	154		1	12.075712	0.5
379	161		1	9.851704	0.5
379	169		1	7.901233	0.5
379	174		1	11.339986	0.5
379	179		1	12.322624	0.5
379	186		1	9.690580	0.5
379	191		1	10.584310	0.5
379	200		1	14.110521	0.5
379	209		1	14.253139	0.5
379	216		1	12.579476	0.5
379	227		1	15.141536	0.5
379	236		1	17.952817	0.5
379	245		1	17.220274	0.5
379	257		1	17.289883	0.5
379	262		1	20.345301	0.5
379	270		1	22.062957	0.5
379	278		1	21.844616	0.5
379	286		1	23.200353	0.5
379	290		1	20.334213	0.5
379	297		1	20.592073	0.5
379	305		1	18.852117	0.5
379	309		1	16.920290	0.5
379	318		1	13.278390	0.5
379	332		1	10.642388	0.5
379	339		1	7.230497	0.5
379	351		1	5.661034	0.5
379	359		1	4.624905	0.5
379	367		1	5.744494	0.5
379	372		1	3.797760	0.5
379	379		1	0.000000	0.5
379	388		1	3.766334	0.5
379	395		1	6.857169	0.5
379	406		1	10.186448	0.5
379	413		1	13.711858	0.5
379	420		1	16.790499	0.5
379	427		1	20.400063	0.5
388	1		1	11.531451	0.5
388	9		1	9.161039	0.5
388	16		1	5.830168	0.5
388	28		1	4.696483	0.5
388	37		1	5.728931	0.5
388	45		1	7.405013	0.5
388	53		1	10.807428	0.5
388	61		1	13.185825	0.5
388	69		1	16.030863	0.5
388	73		1	19.745626	0.5
388	82		1	20.401853	0.5
388	89		1	17.363662	0.5
388	97		1	15.088399	0.5
388	106		1	12.837089	0.5
388	110		1	9.845421	0.5
388	119		1	9.991139	0.5
388	126		1	8.937868	0.5
388	133		1	10.556443	0.5
388	140		1	12.103410	0.5
388	149		1	12.459423	0.5
388	154		1	14.402083	0.5
388	161		1	12.188146	0.5
388	169		1	9.538270	0.5
388	174		1	12.224057	0.5
388	179		1	13.134776	0.5
388	186		1	9.927975	0.5
388	191		1	9.904619	0.5
388	200		1	13.527152	0.5
388	209		1	13.393547	0.5
388	216		1	10.824860	0.5
388	227		1	13.207774	0.5
388	236		1	16.215172	0.5
388	245		1	15.108008	0.5
388	257		1	14.581687	0.5
388	262		1	17.835042	0.5
388	270		1	19.673672	0.5
388	278		1	19.009235	0.5
388	286		1	20.184598	0.5
388	290		1	17.118419	0.5
388	297		1	17.488626	0.5
388	305		1	15.641727	0.5
388	309		1	13.952711	0.5
388	318		1	10.537704	0.5
388	332		1	8.261895	0.5
388	339		1	5.847573	0.5
388	351		1	5.448890	0.5
388	359		1	6.830162	0.5
388	367		1	7.954039	0.5
388	372		1	5.357179	0.5
388	379		1	3.766334	0.5
388	388		1	0.000000	0.5
388	395		1	3.802376	0.5
388	406		1	6.624620	0.5
388	413		1	10.266578	0.5
388	420		1	13.202337	0.5
388	427		1	16.836616	0.5
395	1		1	13.671530	0.5
395	9		1	11.385331	0.5
395	16		1	7.636676	0.5
395	28		1	6.074448	0.5
395	37		1	4.649290	0.5
395	45		1	6.317529	0.5
395	53		1	8.698699	0.5
395	61		1	11.018369	0.5
395	69		1	13.324527	0.5
395	73		1	17.108270	0.5
395	82		1	17.978608	0.5
395	89		1	15.210338	0.5
395	97		1	13.530025	0.5
395	106		1	12.123326	0.5
395	110		1	9.752490	0.5
395	119		1	9.972836	0.5
395	126		1	9.692013	0.5
395	133		1	11.061196	0.5
395	140		1	13.153994	0.5
395	149		1	13.044408	0.5
395	154		1	15.219913	0.5
395	161		1	12.752643	0.5
395	169		1	9.488300	0.5
395	174		1	11.059294	0.5
395	179		1	12.160914	0.5
395	186		1	9.048083	0.5
395	191		1	7.687117	0.5
395	200		1	11.243624	0.5
395	209		1	11.443983	0.5
395	216		1	8.361952	0.5
395	227		1	10.015982	0.5
395	236		1	13.365679	0.5
395	245		1	12.576385	0.5
395	257		1	11.496744	0.5
395	262		1	14.535989	0.5
395	270		1	16.783994	0.5
395	278		1	16.216460	0.5
395	286		1	16.956584	0.5
395	290		1	13.794069	0.5
395	297		1	13.836506	0.5
395	305		1	12.032434	0.5
395	309		1	10.461816	0.5
395	318		1	7.002590	0.5
395	332		1	5.609373	0.5
395	339		1	4.460369	0.5
395	351		1	6.516488	0.5
395	359		1	8.719554	0.5
395	367		1	10.807089	0.5
395	372		1	8.930885	0.5
395	379		1	6.857169	0.5
395	388		1	3.802376	0.5
395	395		1	0.000000	0.5
395	406		1	3.740440	0.5
395	413		1	6.903627	0.5
395	420		1	10.221703	0.5
395	427		1	13.678124	0.5
406	1		1	17.162229	0.5
406	9		1	14.522925	0.5
406	16		1	10.843187	0.5
406	28		1	8.288408	0.5
406	37		1	5.433039	0.5
406	45		1	4.706436	0.5
406	53		1	6.092795	0.5
406	61		1	7.593212	0.5
406	69		1	10.021920	0.5
406	73		1	13.702509	0.5
406	82		1	14.981209	0.5
406	89		1	12.629427	0.5
406	97		1	10.898889	0.5
406	106		1	10.310366	0.5
406	110		1	9.112503	0.5
406	119		1	10.481235	0.5
406	126		1	11.472096	0.5
406	133		1	13.478322	0.5
406	140		1	16.142300	0.5
406	149		1	16.346548	0.5
406	154		1	18.767461	0.5
406	161		1	16.374310	0.5
406	169		1	13.028207	0.5
406	174		1	14.078352	0.5
406	179		1	15.148903	0.5
406	186		1	12.054566	0.5
406	191		1	10.099837	0.5
406	200		1	13.180927	0.5
406	209		1	13.186068	0.5
406	216		1	9.524646	0.5
406	227		1	10.402139	0.5
406	236		1	13.752079	0.5
406	245		1	12.612864	0.5
406	257		1	10.517648	0.5
406	262		1	13.579266	0.5
406	270		1	16.022764	0.5
406	278		1	14.783368	0.5
406	286		1	15.031660	0.5
406	290		1	11.496755	0.5
406	297		1	11.500997	0.5
406	305		1	9.277802	0.5
406	309		1	8.003621	0.5
406	318		1	5.462376	0.5
406	332		1	5.238643	0.5
406	339		1	6.549158	0.5
406	351		1	8.732883	0.5
406	359		1	11.756539	0.5
406	367		1	13.389782	0.5
406	372		1	11.426590	0.5
406	379		1	10.186448	0.5
406	388		1	6.624620	0.5
406	395		1	3.740440	0.5
406	406		1	0.000000	0.5
406	413		1	3.815350	0.5
406	420		1	6.620791	0.5
406	427		1	10.231537	0.5
413	1		1	19.958256	0.5
413	9		1	17.325061	0.5
413	16		1	13.675519	0.5
413	28		1	11.102493	0.5
413	37		1	7.564748	0.5
413	45		1	6.496757	0.5
413	53		1	5.324831	0.5
413	61		1	6.034492	0.5
413	69		1	7.159405	0.5
413	73		1	10.777322	0.5
413	82		1	12.308731	0.5
413	89		1	10.536674	0.5
413	97		1	9.808372	0.5
413	106		1	10.529889	0.5
413	110		1	10.412019	0.5
413	119		1	11.776507	0.5
413	126		1	13.411433	0.5
413	133		1	15.205913	0.5
413	140		1	18.174472	0.5
413	149		1	18.251517	0.5
413	154		1	20.842880	0.5
413	161		1	18.542425	0.5
413	169		1	15.155907	0.5
413	174		1	15.331373	0.5
413	179		1	16.234651	0.5
413	186		1	13.450085	0.5
413	191		1	10.852563	0.5
413	200		1	13.115911	0.5
413	209		1	13.138838	0.5
413	216		1	9.381385	0.5
413	227		1	9.064056	0.5
413	236		1	12.220981	0.5
413	245		1	11.239644	0.5
413	257		1	8.254257	0.5
413	262		1	10.855944	0.5
413	270		1	13.619696	0.5
413	278		1	12.208555	0.5
413	286		1	11.769826	0.5
413	290		1	8.060087	0.5
413	297		1	7.778296	0.5
413	305		1	5.638993	0.5
413	309		1	5.517654	0.5
413	318		1	4.566482	0.5
413	332		1	6.787564	0.5
413	339		1	9.255308	0.5
413	351		1	12.092719	0.5
413	359		1	15.103317	0.5
413	367		1	17.047503	0.5
413	372		1	15.218731	0.5
413	379		1	13.711858	0.5
413	388		1	10.266578	0.5
413	395		1	6.903627	0.5
413	406		1	3.815350	0.5
413	413		1	0.000000	0.5
413	420		1	3.821869	0.5
413	427		1	6.829853	0.5
420	1		1	23.526106	0.5
420	9		1	20.747624	0.5
420	16		1	17.138231	0.5
420	28		1	14.250356	0.5
420	37		1	10.727145	0.5
420	45		1	8.490402	0.5
420	53		1	6.505913	0.5
420	61		1	4.734590	0.5
420	69		1	5.428600	0.5
420	73		1	8.296543	0.5
420	82		1	10.808516	0.5
420	89		1	10.121111	0.5
420	97		1	9.433524	0.5
420	106		1	11.202173	0.5
420	110		1	12.246204	0.5
420	119		1	14.382918	0.5
420	126		1	16.539343	0.5
420	133		1	18.688658	0.5
420	140		1	21.799330	0.5
420	149		1	22.037339	0.5
420	154		1	24.638163	0.5
420	161		1	22.272731	0.5
420	169		1	18.812971	0.5
420	174		1	18.955462	0.5
420	179		1	20.004128	0.5
420	186		1	17.271541	0.5
420	191		1	14.588901	0.5
420	200		1	16.682529	0.5
420	209		1	16.700261	0.5
420	216		1	12.960639	0.5
420	227		1	12.248196	0.5
420	236		1	15.088606	0.5
420	245		1	13.981483	0.5
420	257		1	10.518394	0.5
420	262		1	12.620659	0.5
420	270		1	15.349734	0.5
420	278		1	13.315719	0.5
420	286		1	12.140871	0.5
420	290		1	8.341716	0.5
420	297		1	7.729667	0.5
420	305		1	4.882022	0.5
420	309		1	5.352196	0.5
420	318		1	6.652656	0.5
420	332		1	8.867530	0.5
420	339		1	12.019629	0.5
420	351		1	14.504365	0.5
420	359		1	17.898101	0.5
420	367		1	19.455654	0.5
420	372		1	17.707564	0.5
420	379		1	16.790499	0.5
420	388		1	13.202337	0.5
420	395		1	10.221703	0.5
420	406		1	6.620791	0.5
420	413		1	3.821869	0.5
420	420		1	0.000000	0.5
420	427		1	3.818285	0.5
427	1		1	26.674834	0.5
427	9		1	23.881983	0.5
427	16		1	20.333382	0.5
427	28		1	17.447601	0.5
427	37		1	13.750918	0.5
427	45		1	11.609561	0.5
427	53		1	8.711002	0.5
427	61		1	6.416332	0.5
427	69		1	4.617068	0.5
427	73		1	5.977265	0.5
427	82		1	9.049523	0.5
427	89		1	9.659858	0.5
427	97		1	10.198852	0.5
427	106		1	12.959566	0.5
427	110		1	14.699432	0.5
427	119		1	16.721751	0.5
427	126		1	19.198960	0.5
427	133		1	21.203291	0.5
427	140		1	24.464368	0.5
427	149		1	24.675954	0.5
427	154		1	27.383223	0.5
427	161		1	25.140228	0.5
427	169		1	21.730636	0.5
427	174		1	21.385706	0.5
427	179		1	22.250770	0.5
427	186		1	19.758952	0.5
427	191		1	16.888333	0.5
427	200		1	18.323635	0.5
427	209		1	18.278700	0.5
427	216		1	14.771489	0.5
427	227		1	13.367317	0.5
427	236		1	15.605461	0.5
427	245		1	14.641220	0.5
427	257		1	10.862739	0.5
427	262		1	12.047475	0.5
427	270		1	14.694356	0.5
427	278		1	12.455116	0.5
427	286		1	10.388974	0.5
427	290		1	7.027268	0.5
427	297		1	6.102556	0.5
427	305		1	4.212175	0.5
427	309		1	6.658724	0.5
427	318		1	9.260945	0.5
427	332		1	12.140296	0.5
427	339		1	15.452588	0.5
427	351		1	18.176065	0.5
427	359		1	21.512167	0.5
427	367		1	23.223535	0.5
427	372		1	21.483614	0.5
427	379		1	20.400063	0.5
427	388		1	16.836616	0.5
427	395		1	13.678124	0.5
427	406		1	10.231537	0.5
427	413		1	6.829853	0.5
427	420		1	3.818285	0.5
427	427		1	0.000000	0.5
